log_score	-6692.389353339259
R	2

parent	child	branch_length	inheritance_theta
56	55	0.0075583509	-
56	54	0.0075583509	-
55	50	0.0122338487	-
55	26	0.0011101001	-
54	42	0.0123689771	-
54	53	0.0044126399	-
50	49	0.0262365416	-
50	14	0.0210851375	-
42	41	0.0024666430	-
42	40	0.0073949313	-
53	52	0.0068626194	-
53	51	0.0065064565	-
49	H1	0.0009932407	0.4120095670
49	46	0.0101426812	-
41	39	0.0037797953	-
41	25	0.0056396071	-
40	38	0.0050766775	-
40	4	0.0124573065	-
52	3	0.0169261564	-
52	H2	0.0058745211	0.5022917390
51	48	0.0100042252	-
51	7	0.0239758808	-
32	31	0.0024148680	-
46	44	0.0035396386	-
46	17	0.0090487152	-
39	1	0.0035646609	-
39	37	0.0007887633	-
38	35	0.0002924367	-
38	36	0.0073496671	-
45	11	0.0020991433	-
48	47	0.0126754623	-
48	16	0.0098322919	-
31	30	0.0020955591	-
31	29	0.0199911073	-
44	10	0.0032266618	-
44	43	0.0035657627	-
37	22	0.0066450085	-
37	H1	0.0001264595	0.5879904330
35	34	0.0044072527	-
35	13	0.0216951612	-
36	18	0.0025186455	-
36	20	0.0030222866	-
47	5	0.0141191278	-
47	H2	0.0101247150	0.4977082610
30	27	0.0061404286	-
30	28	0.0058979406	-
29	6	0.0030367295	-
29	24	0.0086820126	-
43	15	0.0061309962	-
43	19	0.0055942764	-
34	33	0.0022106271	-
34	12	0.0036638125	-
27	0	0.0028547803	-
27	23	0.0065419809	-
28	9	0.0126129929	-
28	21	0.0073943916	-
33	2	0.0180260241	-
33	8	0.0004080631	-
