epoch	loss_mean	log_Z	temperature	mll	pearsonr	mean_R	hist_R	sampled_log_score_mean
0	15477.768236694335	-2151.855712890625	16.0	-31815.751953125	0.5146845365948716	1.9970703125	[0, 3, 1021]	-33898.710915115706
1	1028.7448400878907	-2065.990234375	15.925	-30419.345703125	0.9869092452520903	1.8642578125	[15, 109, 900]	-31802.991164746953
2	1059.8757131958007	-1992.4278564453125	15.85	-30021.66015625	0.9187668559326834	1.43359375	[137, 306, 581]	-31139.915227149257
3	791.1100779724121	-1951.076416015625	15.775	-28424.0859375	0.6953678589592529	0.125	[903, 114, 7]	-29608.73707029353
4	587.7980210876465	-1916.474365234375	15.7	-28310.185546875	0.7837040571801575	0.3486328125	[707, 277, 40]	-29019.547579080485
5	382.9820208740234	-1909.723388671875	15.625	-28045.17578125	0.6941721402977817	0.8056640625	[395, 433, 196]	-28701.31482171573
6	287.1442664337158	-1910.9088134765625	15.55	-27947.818359375	0.8300597329687515	0.623046875	[523, 364, 137]	-28549.94551131817
7	249.061990814209	-1914.7608642578125	15.475	-27870.626953125	0.7110672328561163	0.6220703125	[519, 373, 132]	-28446.465533875133
8	230.16362266540528	-1920.8626708984375	15.4	-27714.115234375	0.5848724408319981	0.8203125	[394, 420, 210]	-28357.56885572093
9	216.2332567214966	-1927.14599609375	15.325	-27697.671875	0.5733861156087404	0.830078125	[369, 460, 195]	-28296.528852781856
10	552.3574813079834	-1903.3089599609375	15.25	-27853.849609375	0.43338674807100613	1.0888671875	[254, 425, 345]	-28391.187671338383
11	369.53316619873044	-1889.7520751953125	15.175	-27371.302734375	0.48137898713078886	0.1318359375	[895, 123, 6]	-27978.08798754257
12	320.59665420532224	-1895.0703125	15.1	-27431.5078125	0.7016571588116909	0.0009765625	[1023, 1, 0]	-27933.26001896979
13	378.5460806274414	-1886.87109375	15.025	-27221.20703125	0.5427736760522638	0.001953125	[1022, 2, 0]	-27771.27150288953
14	314.754063949585	-1900.9739990234375	14.95	-27117.599609375	0.7105324854470183	0.0	[1024, 0, 0]	-27640.805436760253
15	265.5344564056397	-1911.6221923828125	14.875	-26933.90625	0.8277951946278339	0.03125	[994, 28, 2]	-27165.96501798769
16	220.8105492401123	-1921.578369140625	14.8	-26976.564453125	0.8760628660171322	0.0849609375	[938, 85, 1]	-27142.97114580051
17	197.63171966552736	-1928.9200439453125	14.725	-26856.68359375	0.728538911788568	0.1796875	[850, 164, 10]	-27122.1093391793
18	175.16469741821288	-1938.59765625	14.65	-26876.966796875	0.5409652591482954	0.1328125	[893, 126, 5]	-27074.656989336378
19	161.53448081970214	-1948.398193359375	14.575	-26849.62890625	0.7078119249149353	0.2197265625	[814, 195, 15]	-27064.778814241756
20	286.07586845397947	-1942.4224853515625	14.5	-26849.083984375	0.7028778566401224	0.0068359375	[1017, 7, 0]	-27132.010605488565
21	272.9478165435791	-1946.552001953125	14.425	-26863.658203125	0.6472313557162158	0.0673828125	[956, 67, 1]	-27104.623325513465
22	224.34508605957032	-1955.2720947265625	14.35	-26909.552734375	0.8149923494108758	0.0615234375	[961, 63, 0]	-27102.600308387588
23	201.66668983459473	-1967.471923828125	14.275	-26874.490234375	0.855311464555341	0.099609375	[924, 98, 2]	-27125.175337429137
24	159.01366691589357	-1981.359619140625	14.2	-26845.302734375	0.7616903098632662	0.15625	[875, 138, 11]	-27005.87061128678
25	137.21412101745605	-1994.3006591796875	14.125	-26781.515625	0.7107137214141134	0.1484375	[876, 144, 4]	-26964.511796579885
26	126.60373912811279	-2006.4815673828125	14.05	-26765.6015625	0.8846281378000131	0.15625	[877, 134, 13]	-26970.947096422933
27	109.82008617401124	-2017.7554931640625	13.975	-26691.708984375	0.7037747137861293	0.2548828125	[783, 221, 20]	-26935.1678285292
28	98.46477958679199	-2028.914794921875	13.9	-26782.46875	0.8067804998872042	0.3291015625	[727, 257, 40]	-26905.405247939878
29	93.24241624832153	-2039.9981689453125	13.825	-26736.201171875	0.7562399094560557	0.3798828125	[684, 291, 49]	-26897.84074967203
30	194.72610523223878	-2038.3353271484375	13.75	-26926.859375	0.7271118335450282	0.0283203125	[995, 29, 0]	-27092.612555204258
31	204.45652046203614	-2041.6898193359375	13.675	-26868.10546875	0.6808819308716151	0.021484375	[1002, 22, 0]	-27016.34656210287
32	172.28264755249023	-2055.1279296875	13.6	-26786.75	0.8529836638869628	0.1796875	[849, 166, 9]	-26956.106916875524
33	141.1699436569214	-2071.5498046875	13.525	-26765.650390625	0.8227608237420229	0.06640625	[958, 64, 2]	-26945.291046517912
34	122.2606887435913	-2085.374267578125	13.45	-26745.40625	0.8873128156128794	0.2509765625	[788, 215, 21]	-26875.792488354775
35	99.10095329284668	-2099.5263671875	13.375	-26695.166015625	0.7625567420165651	0.2958984375	[748, 249, 27]	-26861.544665766403
36	88.12688446044922	-2111.83935546875	13.3	-26700.0234375	0.8004020091480495	0.4794921875	[613, 331, 80]	-26856.98256136716
37	81.39745777130128	-2123.49609375	13.225	-26673.880859375	0.7947859821237243	0.33984375	[716, 268, 40]	-26802.53707841602
38	73.18650003433227	-2135.553466796875	13.15	-26682.30078125	0.8714888336921585	0.705078125	[452, 422, 150]	-26821.192128855764
39	71.13407712936402	-2147.5	13.075	-26656.869140625	0.8923751535145834	0.7294921875	[440, 421, 163]	-26783.750450803273
40	161.44212356567382	-2155.696533203125	13.0	-26665.748046875	0.8608708058658212	1.384765625	[139, 352, 533]	-26851.45784314013
41	135.65902881622316	-2162.4755859375	12.925	-26657.75390625	0.8611847241307065	0.205078125	[824, 190, 10]	-26835.87944035533
42	127.26107540130616	-2172.57470703125	12.85	-26672.421875	0.7352371195872296	0.1455078125	[881, 137, 6]	-26812.076826386503
43	105.11425411224366	-2189.3759765625	12.775	-26695.998046875	0.7564233174774057	0.544921875	[570, 350, 104]	-26806.684288365785
44	87.25671310424805	-2201.81689453125	12.7	-26635.328125	0.8392856320208564	0.4150390625	[652, 319, 53]	-26752.39576161113
45	79.33892652511597	-2215.744140625	12.625	-26690.427734375	0.8894088913290049	0.564453125	[556, 358, 110]	-26795.193201079965
46	69.51197050094605	-2227.7705078125	12.55	-26685.060546875	0.7468423463283019	0.515625	[579, 362, 83]	-26730.096931958444
47	63.813593006134035	-2240.223388671875	12.475	-26600.4140625	0.8356093519659156	0.4931640625	[597, 349, 78]	-26695.868107265007
48	54.828787841796874	-2253.644775390625	12.4	-26624.43359375	0.9427735068902942	0.57421875	[535, 390, 99]	-26726.421504775317
49	53.708572692871094	-2267.048583984375	12.325	-26625.86328125	0.8748995021455366	0.693359375	[452, 434, 138]	-26693.057528837795
50	101.55094842910766	-2273.81298828125	12.25	-26673.9296875	0.7449692897318632	0.3076171875	[742, 249, 33]	-26735.619825064634
51	122.19345748901367	-2281.463623046875	12.175	-26643.4453125	0.8455137749065454	0.099609375	[924, 98, 2]	-26700.083700052404
52	99.9563835144043	-2302.196533203125	12.1	-26598.861328125	0.8232012039821367	0.4765625	[618, 324, 82]	-26711.326096242476
53	84.40179569244384	-2317.5625	12.025	-26586.794921875	0.8915826346348567	0.97265625	[303, 446, 275]	-26702.038249202582
54	74.14775592803954	-2330.45068359375	11.95	-26588.212890625	0.8904408672597194	0.4306640625	[633, 341, 50]	-26658.442972050987
55	65.02312450408935	-2345.49658203125	11.875	-26597.416015625	0.8888303013622207	0.576171875	[539, 380, 105]	-26678.144935443157
56	57.20397637367248	-2360.282958984375	11.8	-26588.14453125	0.851506999102677	0.4580078125	[618, 343, 63]	-26657.602867849368
57	51.01334421157837	-2374.716064453125	11.725	-26531.16015625	0.8904116422296081	0.5625	[554, 364, 106]	-26602.556495850276
58	46.61630597114563	-2389.552978515625	11.65	-26580.703125	0.8147860372528531	0.615234375	[513, 392, 119]	-26635.8683120344
59	44.314858531951906	-2404.494140625	11.575	-26571.185546875	0.8104695268164168	0.7783203125	[388, 475, 161]	-26614.68985121374
60	80.22414157867432	-2417.276611328125	11.5	-26566.28125	0.7983458293380088	0.4169921875	[654, 313, 57]	-26607.6187163743
61	76.7374535369873	-2431.5419921875	11.425	-26644.025390625	0.7946566428430493	0.7080078125	[453, 417, 154]	-26669.982499287144
62	74.2575789451599	-2446.13330078125	11.35	-26592.52734375	0.9330468771604721	0.478515625	[606, 346, 72]	-26642.671059711996
63	68.50132982254028	-2462.748779296875	11.275	-26571.0078125	0.7443852608913907	0.52734375	[562, 384, 78]	-26628.216844595474
64	59.52029335975647	-2479.12548828125	11.2	-26579.4375	0.9147112857378441	0.4580078125	[609, 361, 54]	-26610.010521793367
65	56.02324262619018	-2494.483642578125	11.125	-26601.9921875	0.7519300167271449	0.546875	[562, 364, 98]	-26610.82450773185
66	49.19771509170532	-2511.00146484375	11.05	-26540.09375	0.8659189539017877	0.7451171875	[426, 433, 165]	-26554.338421966677
67	44.122280263900755	-2528.0986328125	10.975	-26561.302734375	0.9349256005274971	0.5947265625	[518, 403, 103]	-26584.93596121834
68	41.85044600486756	-2544.91259765625	10.9	-26537.349609375	0.9025861866774414	0.7705078125	[398, 463, 163]	-26579.43350380349
69	39.277911043167116	-2561.748291015625	10.825	-26510.291015625	0.9092933473280765	0.66015625	[468, 436, 120]	-26554.317650861478
70	75.7406208229065	-2575.019287109375	10.75	-26539.330078125	0.8852870511364281	0.8427734375	[353, 479, 192]	-26642.543768751304
71	72.58445510864257	-2592.36962890625	10.675	-26577.1796875	0.888988525435808	0.4072265625	[658, 315, 51]	-26619.631400471982
72	68.42419729232788	-2610.259033203125	10.6	-26559.15234375	0.8146348116704094	0.6337890625	[499, 401, 124]	-26585.56550804976
73	60.616894187927244	-2627.830322265625	10.525	-26562.0390625	0.7529708572833981	0.5830078125	[534, 383, 107]	-26593.097751677295
74	56.32350679397583	-2646.770751953125	10.45	-26535.361328125	0.8048574186408262	0.6923828125	[465, 409, 150]	-26571.89596381146
75	47.783242301940916	-2665.81689453125	10.375	-26548.244140625	0.8356316234665115	0.787109375	[409, 424, 191]	-26552.719318638385
76	43.363132076263426	-2684.97314453125	10.3	-26523.396484375	0.9002843278603382	0.9169921875	[329, 451, 244]	-26545.726560947805
77	40.56013289451599	-2703.68603515625	10.225	-26473.134765625	0.8606752142797485	0.9599609375	[287, 491, 246]	-26488.990215502265
78	35.70432375907898	-2723.207275390625	10.15	-26509.212890625	0.9349246973677166	0.75	[408, 464, 152]	-26526.128178295286
79	34.753879652023315	-2742.84814453125	10.075	-26522.412109375	0.9384325340003238	0.7255859375	[425, 455, 144]	-26507.317342295868
80	60.276015768051145	-2760.77880859375	10.0	-26529.9453125	0.921344174612533	0.890625	[352, 432, 240]	-26562.429796465112
81	62.875482177734376	-2780.483642578125	9.925	-26500.509765625	0.8999374544440985	1.236328125	[163, 456, 405]	-26543.077001621226
82	59.43976793289185	-2800.2646484375	9.85	-26541.4765625	0.8884597232682662	0.6376953125	[494, 407, 123]	-26584.587996652273
83	53.98028770446777	-2821.66015625	9.775	-26548.978515625	0.8671977359495023	0.6650390625	[467, 433, 124]	-26540.92878038308
84	49.49395668029785	-2842.730224609375	9.7	-26510.947265625	0.846623821007265	0.8857421875	[337, 467, 220]	-26521.016298216036
85	43.24230591773987	-2864.03466796875	9.625	-26541.453125	0.88850426242331	1.1630859375	[191, 475, 358]	-26529.470511038373
86	38.09128984451294	-2886.48828125	9.55	-26521.654296875	0.8941724185560693	0.8603515625	[351, 465, 208]	-26496.305177193608
87	34.9131664276123	-2908.00634765625	9.475	-26485.5	0.9368380914975868	0.904296875	[312, 498, 214]	-26491.20223905512
88	33.846145153045654	-2930.4404296875	9.4	-26494.54296875	0.8738490578286061	1.076171875	[235, 476, 313]	-26473.07023675883
89	32.94613865852356	-2953.03955078125	9.325	-26494.775390625	0.8617689438202899	0.90234375	[316, 492, 216]	-26473.12444499637
90	54.55317625999451	-2972.83837890625	9.25	-26511.734375	0.9226834606868264	0.85546875	[365, 442, 217]	-26492.853480764395
91	56.41844631195068	-2997.050537109375	9.175	-26481.205078125	0.9287930521392153	0.96484375	[294, 472, 258]	-26468.862684317803
92	52.80892874717713	-3021.162109375	9.1	-26516.103515625	0.9241666054235685	1.0830078125	[233, 473, 318]	-26488.020501818122
93	49.82053931236267	-3045.9365234375	9.025	-26464.021484375	0.9187249089984925	1.1533203125	[219, 429, 376]	-26452.520579806056
94	46.994587640762326	-3070.139404296875	8.95	-26498.544921875	0.8671984692570528	0.6865234375	[443, 459, 122]	-26462.71573716293
95	39.346210680007935	-3095.345947265625	8.875	-26502.4453125	0.934553118817989	0.93359375	[305, 482, 237]	-26474.107285624217
96	35.3525193977356	-3120.67578125	8.8	-26471.26953125	0.9598004713992602	0.759765625	[393, 484, 147]	-26447.52896388252
97	35.141645183563234	-3146.576171875	8.725	-26482.41015625	0.9600774311129887	1.029296875	[240, 514, 270]	-26446.18980072867
98	31.442681007385254	-3172.853515625	8.65	-26454.751953125	0.9459527956151254	1.0380859375	[255, 475, 294]	-26428.66417503333
99	30.054788331985474	-3199.646728515625	8.575	-26465.798828125	0.9254809473753777	0.9326171875	[295, 503, 226]	-26428.466790885614
100	51.253816785812376	-3225.1728515625	8.5	-26509.603515625	0.7938911284230563	0.72265625	[427, 454, 143]	-26498.1508302401
101	51.61936660766602	-3252.117431640625	8.425	-26437.99609375	0.8762528205952739	1.0576171875	[242, 481, 301]	-26472.8574408356
102	48.90280957221985	-3281.480224609375	8.35	-26445.87890625	0.8058612952195143	1.037109375	[242, 502, 280]	-26431.988380001058
103	45.376144065856934	-3309.1904296875	8.275	-26451.787109375	0.8211858920513673	1.025390625	[242, 514, 268]	-26415.564007479064
104	44.60471645355224	-3339.037109375	8.2	-26486.083984375	0.8518212116676835	0.9150390625	[299, 513, 212]	-26421.735523323012
105	36.964700317382814	-3368.722900390625	8.125	-26432.32421875	0.8448063604224428	1.0791015625	[214, 515, 295]	-26410.26985866796
106	33.91028064727783	-3398.9052734375	8.05	-26462.8515625	0.8066276943283246	1.1826171875	[170, 497, 357]	-26409.674283916058
107	31.78657817840576	-3429.83837890625	7.975	-26437.1640625	0.8954529113827361	1.283203125	[100, 534, 390]	-26389.156547759492
108	29.47422290802002	-3461.18212890625	7.9	-26439.90234375	0.8280502709657939	0.9912109375	[247, 539, 238]	-26387.857762824824
109	29.348828282356262	-3493.140869140625	7.824999999999999	-26453.310546875	0.8549866000949398	1.0390625	[222, 540, 262]	-26381.320344539825
110	51.3899565410614	-3524.544677734375	7.75	-26460.380859375	0.7672045280321986	0.9833984375	[264, 513, 247]	-26400.8958133977
111	47.36195708274841	-3557.69970703125	7.675000000000001	-26400.67578125	0.7842814545986665	0.77734375	[375, 502, 147]	-26403.04298353495
112	45.17574695587158	-3591.96923828125	7.6	-26441.0078125	0.9347216479998084	0.8046875	[355, 514, 155]	-26414.10723862081
113	41.0546515083313	-3626.13818359375	7.525	-26432.9609375	0.9346652168479348	0.841796875	[313, 560, 151]	-26372.90483548821
114	36.950218753814696	-3661.36376953125	7.449999999999999	-26428.263671875	0.8877783452273241	1.3349609375	[86, 509, 429]	-26376.29008928678
115	34.86990550994873	-3697.38623046875	7.375	-26419.5546875	0.8582943299022706	1.1337890625	[145, 597, 282]	-26349.34251593466
116	32.1939225769043	-3734.09521484375	7.300000000000001	-26439.669921875	0.8190621479246584	1.017578125	[208, 590, 226]	-26354.005348427694
117	28.794686255455016	-3771.34716796875	7.225	-26418.830078125	0.9206398193901232	1.0029296875	[218, 585, 221]	-26351.055831869515
118	27.672474493980406	-3809.3193359375	7.15	-26422.5234375	0.9491818353402084	1.2314453125	[93, 601, 330]	-26331.76751151013
119	25.86452142238617	-3848.265625	7.074999999999999	-26419.400390625	0.8442361268490249	1.224609375	[95, 604, 325]	-26328.98052357092
120	44.00024955749512	-3886.924560546875	7.0	-26389.654296875	0.861736606855375	1.12890625	[160, 572, 292]	-26348.15126686883
121	43.207555284500124	-3927.50732421875	6.925000000000001	-26404.533203125	0.8995313134832035	1.33203125	[89, 506, 429]	-26337.435454193328
122	41.73722528457642	-3969.629150390625	6.85	-26390.8125	0.9218592410675676	1.0791015625	[194, 555, 275]	-26317.534380929512
123	38.98396661758423	-4011.674072265625	6.775	-26377.671875	0.9454295160554358	1.29296875	[65, 594, 365]	-26329.521625476373
124	35.7217398929596	-4055.038330078125	6.699999999999999	-26394.275390625	0.9179065412895008	1.408203125	[34, 538, 452]	-26297.53193330406
125	31.926757850646972	-4099.26953125	6.625	-26397.87109375	0.9358543163447042	1.3486328125	[42, 583, 399]	-26303.47739586445
126	28.630221185684203	-4144.65478515625	6.550000000000001	-26389.568359375	0.8914719524330806	1.2802734375	[60, 617, 347]	-26288.767846496987
127	26.736337819099425	-4191.00634765625	6.475	-26385.044921875	0.8824375513780578	1.275390625	[72, 598, 354]	-26296.845163820326
128	25.33205050468445	-4238.5302734375	6.4	-26392.375	0.9314056698523074	1.341796875	[34, 606, 384]	-26271.05347858196
129	24.35583837509155	-4286.935546875	6.324999999999999	-26379.296875	0.9439656826457687	1.3349609375	[42, 597, 385]	-26259.04990597273
130	38.11618939399719	-4336.10546875	6.25	-26366.283203125	0.8630516073074299	0.9384765625	[238, 611, 175]	-26317.872295456204
131	40.04682530403137	-4386.95361328125	6.175000000000001	-26375.404296875	0.7870614470381545	1.0947265625	[114, 699, 211]	-26284.296524644604
132	35.93767543792725	-4439.22021484375	6.1	-26375.56640625	0.9037780787533115	1.3291015625	[30, 627, 367]	-26268.803935451597
133	33.38664310455322	-4492.7978515625	6.025	-26356.873046875	0.8798650413043826	1.45703125	[13, 530, 481]	-26243.40502836534
134	29.750983839035033	-4547.35302734375	5.949999999999999	-26358.185546875	0.8992124449972168	1.50390625	[11, 486, 527]	-26236.170397136142
135	25.71039581298828	-4603.68505859375	5.875	-26360.478515625	0.9132127770258485	1.4033203125	[21, 569, 434]	-26228.67975644298
136	24.75076984882355	-4661.1220703125	5.800000000000001	-26331.287109375	0.9209058790709984	1.5361328125	[8, 459, 557]	-26220.726719294635
137	23.416933584213258	-4720.25732421875	5.725	-26346.638671875	0.9185158489370451	1.546875	[5, 454, 565]	-26220.13178844886
138	21.876374044418334	-4780.92919921875	5.65	-26345.296875	0.8721080347359759	1.5009765625	[15, 481, 528]	-26203.430756296653
139	20.32121836185455	-4843.10595703125	5.574999999999999	-26333.140625	0.8682745270975124	1.5673828125	[9, 425, 590]	-26188.670363156496
140	33.51567195892334	-4906.78857421875	5.5	-26333.625	0.8958910445870885	1.6875	[8, 304, 712]	-26194.18483144761
141	30.061165618896485	-4972.67236328125	5.425000000000001	-26335.9375	0.8991268525912006	1.6748046875	[14, 305, 705]	-26184.97389524265
142	28.45886006832123	-5040.28955078125	5.35	-26334.140625	0.9111241382660439	1.5166015625	[17, 461, 546]	-26196.384836233054
143	24.229378623962404	-5109.63037109375	5.275	-26310.2578125	0.9420497559575188	1.8203125	[0, 184, 840]	-26154.444176293044
144	20.500817799568175	-5181.11376953125	5.199999999999999	-26321.83984375	0.9471984510189804	1.8056640625	[1, 197, 826]	-26146.333403905082
145	18.206103596687317	-5254.60205078125	5.125	-26320.685546875	0.8158377631824383	1.841796875	[3, 156, 865]	-26144.07472021529
146	15.09163982629776	-5330.4609375	5.050000000000001	-26317.9609375	0.9280330818500457	1.900390625	[2, 98, 924]	-26135.9497996649
147	12.409168736934662	-5408.38623046875	4.975	-26317.748046875	0.9297538533955532	1.8974609375	[0, 105, 919]	-26130.011348651133
148	10.574693727493287	-5488.8349609375	4.9	-26306.732421875	0.9828044967648797	1.9423828125	[0, 59, 965]	-26124.688267373247
149	9.588716959953308	-5571.60986328125	4.824999999999999	-26298.8359375	0.8875740899241027	1.9111328125	[1, 89, 934]	-26121.38891994743
150	15.000608904361725	-5657.3662109375	4.75	-26304.3359375	0.9327623731955565	1.9755859375	[0, 25, 999]	-26109.909767322675
151	13.483096482753753	-5745.4482421875	4.675000000000001	-26309.04296875	0.9385258388269164	1.9892578125	[0, 11, 1013]	-26114.14981525328
152	13.352198967933655	-5836.76611328125	4.6	-26308.85546875	0.8923305907724606	1.9951171875	[0, 5, 1019]	-26104.58402167751
153	10.851779980659485	-5930.78515625	4.525	-26294.7734375	0.9100950678309121	1.9345703125	[0, 67, 957]	-26095.670982825213
154	10.017658317089081	-6027.99609375	4.449999999999999	-26303.357421875	0.9071953028200468	1.984375	[0, 16, 1008]	-26090.296791809124
155	9.001905601024628	-6128.51416015625	4.375	-26298.845703125	0.9068314931431021	1.986328125	[0, 14, 1010]	-26091.948576344512
156	8.621227924823762	-6232.40234375	4.300000000000001	-26309.076171875	0.9320472270111817	1.9921875	[0, 8, 1016]	-26088.167624418973
157	8.00826366186142	-6340.1240234375	4.225	-26303.087890625	0.936805374740979	1.986328125	[0, 14, 1010]	-26090.678225260184
158	7.768002483844757	-6451.60400390625	4.15	-26301.28125	0.8938605353058975	1.9951171875	[0, 5, 1019]	-26083.424414806726
159	8.197561395168304	-6567.2998046875	4.074999999999999	-26296.3984375	0.9034097412277349	1.9951171875	[0, 5, 1019]	-26080.79897252537
160	12.869651114940643	-6687.6552734375	4.0	-26300.6484375	0.8639705926621857	1.99609375	[0, 4, 1020]	-26074.167507037993
161	21.59553267478943	-6812.13134765625	3.9250000000000007	-26299.0234375	0.9234135890995714	1.9921875	[0, 8, 1016]	-26069.810527406822
162	12.077878987789154	-6941.6962890625	3.8499999999999996	-26290.412109375	0.8338158422088703	1.984375	[0, 16, 1008]	-26070.732390388723
163	11.516964690685272	-7076.04541015625	3.7750000000000004	-26300.169921875	0.8983698788007755	2.0	[0, 0, 1024]	-26064.055650475348
164	11.598657937049866	-7215.9853515625	3.6999999999999993	-26297.244140625	0.9162108714669547	1.984375	[0, 16, 1008]	-26066.32029965514
165	10.385862770080566	-7361.91357421875	3.625	-26293.0625	0.9570801625060803	1.990234375	[0, 10, 1014]	-26067.970054819332
166	10.620706427097321	-7513.69482421875	3.5500000000000007	-26292.935546875	0.8043228211317408	1.9970703125	[0, 3, 1021]	-26061.92435995074
167	10.116442248821258	-7672.126953125	3.4749999999999996	-26292.5625	0.9196409929284978	1.99609375	[0, 4, 1020]	-26059.33036224995
168	10.07782012462616	-7837.3623046875	3.4000000000000004	-26287.904296875	0.9325089255227814	1.998046875	[0, 2, 1022]	-26056.492771980622
169	10.745491251945495	-8010.30224609375	3.3249999999999993	-26289.986328125	0.884130150576227	1.99609375	[0, 4, 1020]	-26052.651856776523
170	17.29412124633789	-8191.2529296875	3.25	-26275.0234375	0.9493815040091272	1.9990234375	[0, 1, 1023]	-26046.876128052456
171	19.06175055027008	-8380.5654296875	3.1750000000000007	-26287.4921875	0.8498833499828858	1.9990234375	[0, 1, 1023]	-26044.824175944115
172	18.305798530578613	-8578.8037109375	3.0999999999999996	-26280.5	0.9062997614225745	1.998046875	[0, 2, 1022]	-26046.32220022574
173	17.059260368347168	-8786.62109375	3.0250000000000004	-26284.97265625	0.9207995888382784	2.0	[0, 0, 1024]	-26043.87566249712
174	17.20335834264755	-9005.4453125	2.9499999999999993	-26282.306640625	0.7863097536156096	2.0	[0, 0, 1024]	-26036.134112586846
175	15.226020846366882	-9235.2080078125	2.875	-26283.853515625	0.917123613628507	1.998046875	[0, 2, 1022]	-26034.231925757624
176	13.067734739780427	-9477.5859375	2.8000000000000007	-26279.5234375	0.889819751366858	2.0	[0, 0, 1024]	-26027.583998774215
177	13.015670228004456	-9733.2568359375	2.7249999999999996	-26277.779296875	0.8760126759007635	2.0	[0, 0, 1024]	-26022.780421187927
178	11.99057859659195	-10003.3466796875	2.6500000000000004	-26278.25390625	0.8830802884223699	2.0	[0, 0, 1024]	-26020.916632389257
179	12.017577369213104	-10289.287109375	2.5749999999999993	-26277.083984375	0.9197962701547843	2.0	[0, 0, 1024]	-26019.046380292108
180	24.15552460193634	-10592.62890625	2.5	-26276.458984375	0.8000477573448169	2.0	[0, 0, 1024]	-26010.385260768227
181	22.658307733535768	-10914.412109375	2.4250000000000007	-26273.388671875	0.9409545683770982	2.0	[0, 0, 1024]	-26012.624377890825
182	19.295068552494048	-11256.7783203125	2.3499999999999996	-26273.1953125	0.9386229874210501	2.0	[0, 0, 1024]	-26009.54004549016
183	17.096661112308503	-11621.5771484375	2.2750000000000004	-26276.044921875	0.8912715886631555	2.0	[0, 0, 1024]	-26005.340506458895
184	15.661698036193847	-12011.1220703125	2.1999999999999993	-26274.154296875	0.8370475791865184	2.0	[0, 0, 1024]	-26001.553138762945
185	15.461732740402221	-12428.3271484375	2.125	-26275.4765625	0.9169956205358716	1.9990234375	[0, 1, 1023]	-25998.416409445657
186	13.687043166160583	-12875.7705078125	2.0500000000000007	-26275.314453125	0.8807746877159666	2.0	[0, 0, 1024]	-25994.819249401393
187	13.550722761154175	-13357.232421875	1.9749999999999996	-26275.890625	0.9210633598510446	2.0	[0, 0, 1024]	-25993.791581627243
188	15.088334164619447	-13876.63671875	1.9000000000000004	-26274.482421875	0.9153065375108025	2.0	[0, 0, 1024]	-25990.149738707747
189	16.186362433433533	-14438.7001953125	1.8249999999999993	-26274.78125	0.9271973576473826	1.9990234375	[0, 1, 1023]	-25987.580325181687
190	26.01038130760193	-15049.705078125	1.75	-26273.31640625	0.9116918749652809	2.0	[0, 0, 1024]	-25987.02212834236
191	31.11293070793152	-15714.2001953125	1.6750000000000007	-26274.630859375	0.9043157060075037	2.0	[0, 0, 1024]	-25982.90380560948
192	30.333790006637575	-16441.69921875	1.5999999999999996	-26273.234375	0.8930346378384209	2.0	[0, 0, 1024]	-25978.950770233132
193	32.14401515483856	-17240.251953125	1.5250000000000004	-26273.08203125	0.9016418379646237	2.0	[0, 0, 1024]	-25980.930309041265
194	31.390262608528136	-18121.64453125	1.4499999999999993	-26273.0078125	0.8795363327904502	2.0	[0, 0, 1024]	-25976.029704279073
195	27.77939385175705	-19098.220703125	1.375	-26273.333984375	0.8848338269858408	2.0	[0, 0, 1024]	-25974.24451001791
196	24.814885268211366	-20187.69140625	1.3000000000000007	-26273.806640625	0.9154721979253585	2.0	[0, 0, 1024]	-25974.266902151
197	31.461830644607545	-21410.802734375	1.2249999999999996	-26272.662109375	0.9171271045682927	2.0	[0, 0, 1024]	-25967.8220711344
198	34.190431201457976	-22793.359375	1.1500000000000004	-26273.552734375	0.9690900632032539	2.0	[0, 0, 1024]	-25964.99718986055
199	45.79665587902069	-24368.431640625	1.0749999999999993	-26273.533203125	0.9359538305910783	2.0	[0, 0, 1024]	-25964.440886016448
200	87.3931854391098	-26181.763671875	1.0	-26274.044921875	0.7581344172602278	2.0	[0, 0, 1024]	-25965.805421204546
201	110.74370575904847	-26180.572265625	1.0	-26273.58984375	0.8482083019472666	2.0	[0, 0, 1024]	-25964.80580388753
202	69.4376248550415	-26180.958984375	1.0	-26273.6328125	0.8035083143741875	2.0	[0, 0, 1024]	-25962.494108375
203	57.74382763385773	-26182.029296875	1.0	-26273.734375	0.6104187065424668	2.0	[0, 0, 1024]	-25962.441525229606
204	37.53507745027542	-26181.28515625	1.0	-26274.0390625	0.6420619137855319	1.9990234375	[0, 1, 1023]	-25964.38226792489
205	37.20510993480682	-26180.578125	1.0	-26273.54296875	0.9168736103464625	2.0	[0, 0, 1024]	-25960.131661892417
206	30.54142952442169	-26180.46875	1.0	-26273.17578125	0.8622413681468539	2.0	[0, 0, 1024]	-25961.384324983635
207	23.641289193630218	-26180.365234375	1.0	-26273.1484375	0.875468311615533	2.0	[0, 0, 1024]	-25960.245752337727
208	18.75979947924614	-26180.126953125	1.0	-26272.6171875	0.9220721315043392	2.0	[0, 0, 1024]	-25961.685767013405
209	16.88610205054283	-26180.21875	1.0	-26273.59765625	0.861796116033326	2.0	[0, 0, 1024]	-25960.308671957107
210	55.67135408163071	-26180.869140625	1.0	-26273.5234375	0.929772576156564	2.0	[0, 0, 1024]	-25960.737352598084
211	54.3820290851593	-26182.119140625	1.0	-26274.046875	0.7711064436338786	2.0	[0, 0, 1024]	-25960.481630825736
212	52.10313913822174	-26182.01171875	1.0	-26274.6953125	0.6126902778144714	2.0	[0, 0, 1024]	-25957.11772107215
213	52.556296117305756	-26181.916015625	1.0	-26274.634765625	0.9092838204404401	2.0	[0, 0, 1024]	-25960.181153185513
214	31.952821066379546	-26181.1015625	1.0	-26273.818359375	0.8891664138260272	2.0	[0, 0, 1024]	-25959.298973675224
215	33.19574996232986	-26180.70703125	1.0	-26274.23828125	0.922005852376348	2.0	[0, 0, 1024]	-25958.90481803195
216	21.634832367897033	-26180.84765625	1.0	-26274.23046875	0.8579326216217664	2.0	[0, 0, 1024]	-25959.566951061046
217	15.496673243045807	-26180.291015625	1.0	-26273.572265625	0.9453676460178462	2.0	[0, 0, 1024]	-25961.23071923012
218	12.435014463663101	-26180.31640625	1.0	-26273.255859375	0.9300141584459927	2.0	[0, 0, 1024]	-25959.768404654016
219	13.136755102872849	-26180.138671875	1.0	-26273.775390625	0.9315163065103711	2.0	[0, 0, 1024]	-25961.02976495422
220	34.542798595428465	-26182.04296875	1.0	-26274.806640625	0.9124145482141193	2.0	[0, 0, 1024]	-25957.996236184343
221	31.33863205432892	-26181.541015625	1.0	-26274.65234375	0.7730151192146625	2.0	[0, 0, 1024]	-25958.79117105904
222	41.25103268146515	-26181.447265625	1.0	-26274.736328125	0.766869277197179	2.0	[0, 0, 1024]	-25962.69241233996
223	45.64257569789886	-26181.85546875	1.0	-26273.654296875	0.8760767422712138	2.0	[0, 0, 1024]	-25957.91421759617
224	29.918929188251496	-26181.15625	1.0	-26274.5703125	0.8849910705584912	2.0	[0, 0, 1024]	-25958.508741979975
225	36.82737103939056	-26181.716796875	1.0	-26274.271484375	0.8653968913643219	2.0	[0, 0, 1024]	-25956.741670086376
226	25.69953196287155	-26180.84765625	1.0	-26273.21875	0.8055627240712625	2.0	[0, 0, 1024]	-25958.52953147795
227	15.969724797010421	-26180.40625	1.0	-26271.416015625	0.9367095417837663	2.0	[0, 0, 1024]	-25960.092719251064
228	24.487358487844467	-26180.384765625	1.0	-26273.880859375	0.9456769734274857	2.0	[0, 0, 1024]	-25960.087169879633
229	16.914537920951844	-26180.306640625	1.0	-26273.08984375	0.9393140116418168	2.0	[0, 0, 1024]	-25960.677904876262
230	36.481583902835844	-26181.00390625	1.0	-26274.251953125	0.9369090306507201	2.0	[0, 0, 1024]	-25962.46786434835
231	30.74271376132965	-26181.6640625	1.0	-26273.609375	0.8158705942268956	2.0	[0, 0, 1024]	-25957.23305079821
232	49.19308062553406	-26181.58203125	1.0	-26274.017578125	0.8910665091303759	2.0	[0, 0, 1024]	-25958.250578902276
233	37.818003022670744	-26181.658203125	1.0	-26273.166015625	0.8468171815811747	2.0	[0, 0, 1024]	-25958.076339050876
234	40.38052145957947	-26181.36328125	1.0	-26274.189453125	0.8134314651221968	2.0	[0, 0, 1024]	-25958.00223319766
235	26.951270010471344	-26181.4609375	1.0	-26273.255859375	0.9453747484165578	2.0	[0, 0, 1024]	-25959.115932353005
236	26.124129927158357	-26180.630859375	1.0	-26273.55078125	0.8999750003195016	2.0	[0, 0, 1024]	-25960.54471172856
237	33.871372789144516	-26180.630859375	1.0	-26273.4375	0.9485523758940174	2.0	[0, 0, 1024]	-25959.462842136738
238	16.71833649158478	-26180.419921875	1.0	-26274.16015625	0.9769895079450858	2.0	[0, 0, 1024]	-25960.58568085691
239	21.527892409563066	-26180.212890625	1.0	-26273.703125	0.9664309621265363	2.0	[0, 0, 1024]	-25961.086746417008
240	78.00326007604599	-26180.59375	1.0	-26273.00390625	0.916393370921698	2.0	[0, 0, 1024]	-25960.231945338408
241	48.6746276307106	-26181.310546875	1.0	-26273.87109375	0.9283134589389346	2.0	[0, 0, 1024]	-25956.99484772208
242	50.38598267316818	-26182.140625	1.0	-26273.71875	0.8750105005227976	2.0	[0, 0, 1024]	-25956.245241769062
243	40.02998362541199	-26181.736328125	1.0	-26272.64453125	0.8819573046739245	2.0	[0, 0, 1024]	-25957.507360941127
244	38.56743916749954	-26180.90234375	1.0	-26273.462890625	0.9556134344060824	2.0	[0, 0, 1024]	-25958.103900109178
245	35.67087644577026	-26181.013671875	1.0	-26273.515625	0.9665717376559202	2.0	[0, 0, 1024]	-25958.482336501416
246	29.66141543149948	-26181.015625	1.0	-26273.263671875	0.9541362281661042	2.0	[0, 0, 1024]	-25957.84462464571
247	16.511242750883103	-26180.3828125	1.0	-26273.24609375	0.862158179503413	2.0	[0, 0, 1024]	-25960.39334380033
248	18.20072011470795	-26180.43359375	1.0	-26273.5703125	0.936052865037374	2.0	[0, 0, 1024]	-25959.991324640796
249	12.871826021671295	-26180.193359375	1.0	-26273.65625	0.9413096812391754	2.0	[0, 0, 1024]	-25959.973814250912
250	35.25341360569	-26182.333984375	1.0	-26273.142578125	0.9503017426900806	2.0	[0, 0, 1024]	-25956.542604619943
251	59.963322494029995	-26182.814453125	1.0	-26273.544921875	0.8792078303488119	2.0	[0, 0, 1024]	-25954.922743290765
252	50.65938360452652	-26181.521484375	1.0	-26274.013671875	0.9352094446499719	2.0	[0, 0, 1024]	-25956.76057895392
253	40.14133673429489	-26181.453125	1.0	-26273.80078125	0.9763318550808029	2.0	[0, 0, 1024]	-25959.68512966754
254	51.90829539299011	-26181.28125	1.0	-26274.30078125	0.9274724388778468	2.0	[0, 0, 1024]	-25959.0080429163
255	47.84459102869034	-26180.97265625	1.0	-26274.2734375	0.900296662989124	2.0	[0, 0, 1024]	-25958.82004748788
256	19.640475494861604	-26180.568359375	1.0	-26273.7890625	0.8866906948212476	2.0	[0, 0, 1024]	-25958.401831456045
257	28.469319216012956	-26180.60546875	1.0	-26270.744140625	0.9466106550742696	2.0	[0, 0, 1024]	-25959.26597111056
258	20.214395275115965	-26180.498046875	1.0	-26273.275390625	0.912107482835312	2.0	[0, 0, 1024]	-25960.405311880313
259	18.49873286604881	-26180.232421875	1.0	-26273.34765625	0.9388516503383119	2.0	[0, 0, 1024]	-25960.39645633972
260	69.13880639553071	-26181.861328125	1.0	-26274.66015625	0.9326900715496556	2.0	[0, 0, 1024]	-25958.57162008505
261	52.069119441509244	-26181.845703125	1.0	-26273.302734375	0.9248325926096173	2.0	[0, 0, 1024]	-25957.89445166344
262	176.85405017137526	-26181.22265625	1.0	-26274.3359375	0.723894356989413	2.0	[0, 0, 1024]	-25958.35907850857
263	49.455097031593326	-26181.931640625	1.0	-26274.62890625	0.9153483495696895	2.0	[0, 0, 1024]	-25958.224640004584
264	32.747496881484984	-26181.10546875	1.0	-26272.51953125	0.8940625591463366	2.0	[0, 0, 1024]	-25958.71831813673
265	26.27623113632202	-26181.166015625	1.0	-26273.564453125	0.8780922347624096	2.0	[0, 0, 1024]	-25958.640283222587
266	27.474435752630235	-26180.62109375	1.0	-26273.517578125	0.906924539605327	2.0	[0, 0, 1024]	-25960.738174669983
267	16.398996139764787	-26180.3828125	1.0	-26273.140625	0.9425743819021455	2.0	[0, 0, 1024]	-25960.41453548208
268	13.168587093353272	-26180.18359375	1.0	-26274.001953125	0.9307515263238999	2.0	[0, 0, 1024]	-25960.57799131218
269	10.055459824800492	-26180.1953125	1.0	-26273.62109375	0.9227913735166824	2.0	[0, 0, 1024]	-25960.621830984826
270	53.02245628356933	-26182.107421875	1.0	-26275.119140625	0.8424454879817835	2.0	[0, 0, 1024]	-25958.540026552102
271	38.934583430290225	-26181.166015625	1.0	-26272.853515625	0.8445884660778623	2.0	[0, 0, 1024]	-25959.647915230853
272	37.617136332988736	-26181.837890625	1.0	-26273.998046875	0.905519934240232	2.0	[0, 0, 1024]	-25958.251469533236
273	30.183812432289123	-26181.3984375	1.0	-26274.087890625	0.9421291261167721	2.0	[0, 0, 1024]	-25956.731219441677
274	35.91085968732834	-26181.42578125	1.0	-26273.0859375	0.9242375023382929	2.0	[0, 0, 1024]	-25957.929635753128
275	22.514204453229905	-26180.6875	1.0	-26273.111328125	0.9461018070626166	2.0	[0, 0, 1024]	-25958.705532715187
276	16.303695640563966	-26180.3984375	1.0	-26273.88671875	0.8763560243655092	2.0	[0, 0, 1024]	-25960.893734714093
277	15.499866940975188	-26180.34765625	1.0	-26273.3359375	0.9252355338452852	2.0	[0, 0, 1024]	-25960.538231895756
278	12.734325989484788	-26180.287109375	1.0	-26273.5234375	0.9494948222721465	2.0	[0, 0, 1024]	-25960.26395223001
279	11.527145936489106	-26180.080078125	1.0	-26273.865234375	0.9708749709117769	2.0	[0, 0, 1024]	-25961.150479049025
280	31.458169956207275	-26180.99609375	1.0	-26272.83984375	0.8927841888748308	2.0	[0, 0, 1024]	-25959.63033201758
281	27.886893317699432	-26181.248046875	1.0	-26274.2890625	0.938668915834261	2.0	[0, 0, 1024]	-25959.307913003402
282	35.73786451339722	-26181.03515625	1.0	-26273.6875	0.962067751412079	2.0	[0, 0, 1024]	-25960.228695919177
283	35.15035751104355	-26181.37109375	1.0	-26271.560546875	0.8333551113611554	2.0	[0, 0, 1024]	-25958.928683593076
284	191.83287916898726	-26181.236328125	1.0	-26274.556640625	0.9390254302540827	2.0	[0, 0, 1024]	-25959.389099053085
285	21.46264660477638	-26180.841796875	1.0	-26273.703125	0.9040735766934818	2.0	[0, 0, 1024]	-25958.46220802916
286	19.51910874247551	-26180.51171875	1.0	-26272.921875	0.9039806570949939	2.0	[0, 0, 1024]	-25958.961219889406
287	14.743777232170105	-26180.322265625	1.0	-26273.376953125	0.8940294119444799	2.0	[0, 0, 1024]	-25960.288318618397
288	17.98086251974106	-26180.287109375	1.0	-26273.552734375	0.8822996761887012	2.0	[0, 0, 1024]	-25959.83915299915
289	9.733658927679063	-26180.111328125	1.0	-26273.484375	0.9555407133548817	2.0	[0, 0, 1024]	-25960.165051993547
290	28.91205958008766	-26181.107421875	1.0	-26274.146484375	0.8918186468752539	2.0	[0, 0, 1024]	-25958.331736505133
291	28.810264921188356	-26181.751953125	1.0	-26273.0859375	0.906527272077005	2.0	[0, 0, 1024]	-25955.81397705168
292	40.1255580842495	-26181.1015625	1.0	-26273.69921875	0.8984586744852647	2.0	[0, 0, 1024]	-25956.926742914016
293	24.017645502090453	-26180.783203125	1.0	-26272.86328125	0.9250987963984837	2.0	[0, 0, 1024]	-25958.897079355716
294	23.315755321979523	-26181.224609375	1.0	-26273.7265625	0.9354036564477989	2.0	[0, 0, 1024]	-25959.674879774117
295	27.795830696821213	-26180.791015625	1.0	-26273.69140625	0.9280236776402762	2.0	[0, 0, 1024]	-25960.338915690023
296	18.983597413301467	-26180.359375	1.0	-26272.40234375	0.9421787463005913	2.0	[0, 0, 1024]	-25959.671551697855
297	17.172809549570083	-26180.267578125	1.0	-26273.703125	0.879512425136893	2.0	[0, 0, 1024]	-25961.2877306319
298	12.983300580978394	-26180.146484375	1.0	-26273.2890625	0.9701740229924293	2.0	[0, 0, 1024]	-25960.10170490206
299	15.442889055013657	-26180.1953125	1.0	-26273.66015625	0.9587745648448036	2.0	[0, 0, 1024]	-25960.55675075535
