epoch	loss_mean	log_Z	temperature	mll	pearsonr	mean_R	hist_R	sampled_log_score_mean
0	37422.932158203126	-2853.119140625	16.0	-43282.9921875	0.6221385794442242	1.9833984375	[0, 17, 1007]	-45502.65591126606
1	2056.5717266845704	-2725.94970703125	15.925	-40003.18359375	0.9841288022506939	1.966796875	[3, 28, 993]	-41937.095713677685
2	1589.60521484375	-2580.941650390625	15.85	-37571.80859375	0.9531848724917266	1.36328125	[112, 428, 484]	-38701.38590117305
3	1005.0411251831055	-2503.536865234375	15.775	-36270.57421875	0.9774204572070743	1.58984375	[82, 256, 686]	-37201.07792997135
4	556.0771464538574	-2461.544189453125	15.7	-35865.33203125	0.8627817515193082	1.599609375	[85, 240, 699]	-36715.59145639521
5	365.7180620574951	-2446.6865234375	15.625	-35346.69921875	0.7007677978791507	1.583984375	[90, 246, 688]	-36109.03313627557
6	281.5867160797119	-2444.10693359375	15.55	-35418.96484375	0.7717316619510151	1.7490234375	[34, 189, 801]	-36094.28572959947
7	252.57507759094239	-2448.72900390625	15.475	-35425.42578125	0.8251575150484931	1.5546875	[93, 270, 661]	-35990.76606314422
8	225.47364555358888	-2455.6689453125	15.4	-35303.90234375	0.6211879312744134	1.8017578125	[20, 163, 841]	-35926.668911625944
9	215.7873609161377	-2464.589599609375	15.325	-35315.01953125	0.783400807287088	1.650390625	[63, 232, 729]	-35881.029836931164
10	411.85622207641603	-2435.0078125	15.25	-35273.2109375	0.6929943025340107	0.634765625	[512, 374, 138]	-35709.38565424109
11	305.9626663970947	-2440.055419921875	15.175	-35020.55859375	0.44108314817909006	0.5234375	[574, 364, 86]	-35541.662856999574
12	249.0219706726074	-2440.999755859375	15.1	-34954.5859375	0.536981354031163	0.5400390625	[571, 353, 100]	-35483.930899573985
13	222.114796295166	-2445.9638671875	15.025	-34844.30078125	0.7106271399518745	1.00390625	[299, 422, 303]	-35227.78271143229
14	195.63216522216797	-2452.5791015625	14.95	-34648.1015625	0.8761799362471295	0.681640625	[491, 368, 165]	-34989.38688954932
15	167.78280792236328	-2459.9345703125	14.875	-34659.515625	0.7979464666468149	0.5888671875	[546, 353, 125]	-34988.620067063006
16	140.40392261505127	-2471.175048828125	14.8	-34498.8359375	0.8493576218635793	0.712890625	[455, 408, 161]	-34834.49508342609
17	128.91213191986083	-2482.656494140625	14.725	-34562.140625	0.7582141822502528	1.171875	[226, 396, 402]	-34872.19798287953
18	124.4289250946045	-2494.156005859375	14.65	-34480.73828125	0.8117260398824359	0.990234375	[295, 444, 285]	-34800.7235628091
19	116.67085063934326	-2506.091064453125	14.575	-34436.109375	0.8402955375667471	1.1259765625	[235, 425, 364]	-34795.321838085016
20	210.35688819885254	-2507.1826171875	14.5	-34543.78515625	0.6066113275001682	0.365234375	[699, 276, 49]	-34951.00715288754
21	222.9301259613037	-2508.093505859375	14.425	-34388.7421875	0.897887345758848	0.779296875	[419, 412, 193]	-34633.89350978242
22	177.36757122039796	-2524.16796875	14.35	-34279.62890625	0.8311881837526549	0.9326171875	[334, 425, 265]	-34640.02028426979
23	186.70827564239502	-2533.71240234375	14.275	-34313.4296875	0.8725508383409383	0.6279296875	[512, 381, 131]	-34601.42778281642
24	136.56546886444093	-2547.063232421875	14.2	-34230.9765625	0.861175181684516	0.876953125	[347, 456, 221]	-34495.834962795896
25	139.2041219329834	-2559.72900390625	14.125	-34292.1875	0.8121683837512055	0.9072265625	[354, 411, 259]	-34533.820810502264
26	111.95860485076905	-2573.43701171875	14.05	-34231.02734375	0.7569930299059053	1.3056640625	[159, 393, 472]	-34525.75042757212
27	98.91914463043213	-2586.588134765625	13.975	-34299.32421875	0.8730072944737054	1.080078125	[270, 402, 352]	-34495.23339192057
28	93.7701336479187	-2600.338623046875	13.9	-34131.1328125	0.9191091861700158	1.1484375	[240, 392, 392]	-34445.64037068987
29	89.18126693725586	-2614.005859375	13.825	-34178.30078125	0.7938852089299948	1.1708984375	[224, 401, 399]	-34447.17048096923
30	169.49519680023192	-2612.102783203125	13.75	-34413.16015625	0.6928986933853433	0.8251953125	[385, 433, 206]	-34748.874829994136
31	211.70560733795165	-2621.224853515625	13.675	-34329.2890625	0.8995333984236858	0.369140625	[700, 270, 54]	-34511.63873064371
32	177.2426481628418	-2638.322509765625	13.6	-34053.42578125	0.8969338310884214	0.7666015625	[416, 431, 177]	-34373.9425768285
33	156.6728215789795	-2650.00048828125	13.525	-34235.78125	0.8263243076382886	0.6767578125	[479, 397, 148]	-34388.39379976547
34	121.25586864471435	-2666.49072265625	13.45	-34178.5625	0.6362626066186592	0.4755859375	[620, 321, 83]	-34254.73477927047
35	102.32493846893311	-2683.044189453125	13.375	-34093.4609375	0.5951280033008124	0.416015625	[665, 292, 67]	-34329.23751306155
36	93.20358293533326	-2698.32421875	13.3	-34148.01171875	0.8203600583237026	1.1337890625	[250, 387, 387]	-34257.69452253297
37	82.91378164291382	-2713.41357421875	13.225	-34116.296875	0.8930058387857676	1.0390625	[300, 384, 340]	-34228.11561891663
38	76.41544237136841	-2728.487060546875	13.15	-34079.6015625	0.9035121465894008	1.078125	[273, 398, 353]	-34228.73664924868
39	75.69178855895996	-2743.897705078125	13.075	-34153.140625	0.9403282029650649	1.091796875	[262, 406, 356]	-34239.034216210624
40	162.93396686553956	-2746.1826171875	13.0	-34254.07421875	0.5869923554325416	0.7763671875	[402, 449, 173]	-34448.059285513344
41	173.48442722320556	-2762.365966796875	12.925	-34178.03125	0.5005589742804618	1.158203125	[200, 462, 362]	-34395.408934798295
42	130.7536654663086	-2779.2568359375	12.85	-34133.21484375	0.7509495531891645	0.791015625	[421, 396, 207]	-34252.38167816549
43	111.98223882675171	-2795.7197265625	12.775	-34061.84375	0.8103497587129517	0.6708984375	[486, 389, 149]	-34193.64836701851
44	105.9675745010376	-2811.841064453125	12.7	-34076.82421875	0.8364866915212789	0.7451171875	[422, 441, 161]	-34181.02024366705
45	92.31935260772705	-2830.563720703125	12.625	-34104.515625	0.9200251359157894	1.3125	[164, 376, 484]	-34178.54638242767
46	80.96731903076171	-2847.16650390625	12.55	-34020.95703125	0.8285810393697789	1.0380859375	[287, 411, 326]	-34200.18623616303
47	76.01590389251709	-2864.37646484375	12.475	-34029.75390625	0.9298369508910984	1.0224609375	[282, 437, 305]	-34121.835038985606
48	69.8686414527893	-2881.614990234375	12.4	-34006.78515625	0.8262468823783814	1.1201171875	[249, 403, 372]	-34103.786609032824
49	66.42770215988159	-2898.8271484375	12.325	-33982.5234375	0.8159055622161729	1.09375	[250, 428, 346]	-34102.48818660078
50	124.86848867416381	-2907.48193359375	12.25	-34136.4453125	0.8041668266048618	0.3251953125	[726, 263, 35]	-34263.53757175336
51	135.38074268341063	-2922.610595703125	12.175	-33955.3671875	0.7935036600307004	1.078125	[266, 412, 346]	-34097.87444091175
52	106.82067260742187	-2940.18359375	12.1	-34070.59375	0.844858450731263	0.6015625	[523, 386, 115]	-34151.81720706094
53	103.21835956573486	-2957.58935546875	12.025	-33937.29296875	0.7927426693598894	0.9208984375	[321, 463, 240]	-34103.18782667895
54	95.89585109710693	-2976.822998046875	11.95	-34030.9921875	0.8607732330405795	1.2119140625	[206, 395, 423]	-34073.396003589645
55	80.09084568023681	-2997.73681640625	11.875	-34013.9609375	0.5827365692321166	1.2822265625	[176, 383, 465]	-34071.18977880341
56	71.86595912933349	-3016.580078125	11.8	-34009.65625	0.7984250879487995	1.2646484375	[185, 383, 456]	-34023.545551372365
57	65.9574182510376	-3035.257080078125	11.725	-33938.47265625	0.8258166765631642	0.9716796875	[311, 431, 282]	-34009.0013273528
58	60.10016122817993	-3054.696044921875	11.65	-34001.6875	0.9079262984535078	1.19140625	[199, 430, 395]	-34016.49734389342
59	58.49762195587158	-3074.258056640625	11.575	-33971.66015625	0.8803706342816154	1.3427734375	[158, 357, 509]	-34005.83837060756
60	105.04094722747803	-3088.392578125	11.5	-33996.09375	0.8369557266756675	1.2431640625	[184, 407, 433]	-34042.66626259193
61	115.18090999603271	-3105.659423828125	11.425	-33948.17578125	0.8578732906113482	0.6328125	[495, 410, 119]	-34059.12042650304
62	95.76117736816406	-3127.44091796875	11.35	-33999.8515625	0.8472019610101212	1.060546875	[270, 422, 332]	-34075.257654967885
63	95.29683914184571	-3146.61669921875	11.275	-33973.05078125	0.9128362231608412	1.2412109375	[182, 413, 429]	-34018.260740043195
64	81.80977729797364	-3167.62353515625	11.2	-33970.34375	0.8705182236945099	0.984375	[301, 438, 285]	-33990.25978785786
65	72.71997819900513	-3187.669189453125	11.125	-33912.90234375	0.9176962287187477	1.4033203125	[118, 375, 531]	-33956.41081623286
66	64.85228275299072	-3209.525390625	11.05	-33916.953125	0.8925626738682673	1.310546875	[145, 416, 463]	-33923.739312125355
67	60.28109056472778	-3230.69287109375	10.975	-33885.79296875	0.892869013253067	1.4560546875	[111, 335, 578]	-33950.56089311417
68	57.64274517059326	-3252.59033203125	10.9	-33914.4453125	0.8454846293070772	1.306640625	[132, 446, 446]	-33942.88580084909
69	54.81972858428955	-3274.798583984375	10.825	-33912.43359375	0.8797155511085614	1.2802734375	[166, 405, 453]	-33948.48995861078
70	116.9183575630188	-3290.15966796875	10.75	-33926.37890625	0.828724032338977	1.103515625	[228, 462, 334]	-33951.497418990766
71	94.2087072944641	-3313.64990234375	10.675	-33970.5859375	0.8272266745282183	1.1865234375	[208, 417, 399]	-34032.02107858639
72	94.44524839401245	-3335.922119140625	10.6	-33914.9453125	0.8640860508297729	1.3349609375	[146, 389, 489]	-33961.65230803114
73	84.20739116668702	-3360.493408203125	10.525	-33941.6484375	0.8496938454274653	1.3310546875	[133, 419, 472]	-33960.378009114385
74	76.06180498123169	-3383.68505859375	10.45	-33881.48046875	0.9409634259288437	1.39453125	[117, 386, 521]	-33942.495078965425
75	67.58509178161621	-3407.382080078125	10.375	-33958.21875	0.9004518266136431	1.4638671875	[94, 361, 569]	-33958.74394554921
76	63.08161052703858	-3431.7158203125	10.3	-33866.171875	0.917897790676941	1.40625	[114, 380, 530]	-33891.55079707449
77	58.023444442749025	-3456.026123046875	10.225	-33769.36328125	0.8809026971330396	1.533203125	[68, 342, 614]	-33886.662935447064
78	53.508050994873045	-3481.019775390625	10.15	-33883.1875	0.8166414976926545	1.3857421875	[109, 411, 504]	-33858.192647321186
79	53.13765937805176	-3506.287353515625	10.075	-33896.0	0.8995555085049097	1.5	[76, 360, 588]	-33861.85184008278
80	96.9321356010437	-3525.835693359375	10.0	-33879.94140625	0.7870654938042002	1.33984375	[120, 436, 468]	-33892.3197345301
81	94.74234476089478	-3550.701904296875	9.925	-33870.8671875	0.8779461433537548	1.25390625	[148, 468, 408]	-33872.92044407793
82	88.81393569946289	-3580.439208984375	9.85	-33917.390625	0.8225299897003857	1.33984375	[120, 436, 468]	-33917.41736877008
83	81.04315341949463	-3605.557861328125	9.775	-33904.8125	0.8757527211772136	1.6572265625	[38, 275, 711]	-33899.282014323035
84	72.64226907730102	-3632.797607421875	9.7	-33902.91015625	0.8777896794856713	1.671875	[33, 270, 721]	-33895.955465283
85	68.39540285110473	-3660.1455078125	9.625	-33893.07421875	0.8846817639146374	1.39453125	[113, 394, 517]	-33861.60703654165
86	60.950530681610104	-3688.082275390625	9.55	-33873.1953125	0.8582406848612776	1.5068359375	[89, 327, 608]	-33855.46645463573
87	56.83943384170532	-3716.2099609375	9.475	-33798.8203125	0.8370503421080152	1.5537109375	[53, 351, 620]	-33819.449333574245
88	50.66954500198364	-3745.172607421875	9.4	-33860.12109375	0.8236016026635102	1.4677734375	[83, 379, 562]	-33823.80247567895
89	50.77809567451477	-3774.56103515625	9.325	-33844.25	0.8231966040979859	1.626953125	[41, 300, 683]	-33811.56500672191
90	88.64834321975708	-3800.327880859375	9.25	-33881.83984375	0.7955183043189151	1.7802734375	[12, 201, 811]	-33872.278958955045
91	85.35972463607789	-3829.8935546875	9.175	-33910.921875	0.809277853640242	1.359375	[111, 434, 479]	-33864.54506674467
92	76.8884832572937	-3859.611083984375	9.1	-33847.2109375	0.7783516929239689	1.4052734375	[99, 411, 514]	-33870.676962653146
93	75.49576784133912	-3892.6162109375	9.025	-33833.3203125	0.7930732043675838	1.2177734375	[156, 489, 379]	-33842.13871807156
94	72.26419454574585	-3922.55810546875	8.95	-33840.62890625	0.8063944822060914	1.595703125	[39, 336, 649]	-33769.04388977465
95	63.65527982711792	-3955.025634765625	8.875	-33772.30859375	0.8910044125603255	1.6484375	[35, 290, 699]	-33771.312580550206
96	59.93359844207764	-3987.142578125	8.8	-33856.9921875	0.8550402065232723	1.57421875	[46, 344, 634]	-33787.04290828681
97	53.25801048278809	-4020.572509765625	8.725	-33806.734375	0.8744405620263236	1.6884765625	[14, 291, 719]	-33751.0380583905
98	51.14337505340576	-4054.539794921875	8.65	-33788.4375	0.8611002100999738	1.525390625	[59, 368, 597]	-33756.14790350197
99	50.215656452178955	-4088.99560546875	8.575	-33765.04296875	0.8715896874194081	1.6279296875	[27, 327, 670]	-33726.38354081854
100	85.34234071731568	-4119.81298828125	8.5	-33832.63671875	0.7385191420342693	1.76171875	[7, 230, 787]	-33800.145168192445
101	88.1777619934082	-4154.7080078125	8.425	-33816.546875	0.7122234476045439	1.6748046875	[20, 293, 711]	-33738.41907254324
102	78.40147588729859	-4192.07080078125	8.35	-33867.3046875	0.7843692144609421	1.392578125	[80, 462, 482]	-33797.80520726694
103	76.30977128982543	-4228.0048828125	8.275	-33840.2421875	0.7861367010346829	1.5927734375	[40, 337, 647]	-33786.379810618324
104	69.49951562881469	-4266.08447265625	8.2	-33787.7890625	0.7977461526946875	1.7265625	[9, 262, 753]	-33718.38926693438
105	62.9129748916626	-4303.66259765625	8.125	-33787.0859375	0.877354713641015	1.48046875	[54, 424, 546]	-33725.534498562745
106	58.10398645401001	-4342.55419921875	8.05	-33768.1015625	0.8584171944151586	1.6142578125	[21, 353, 650]	-33703.89007901825
107	52.379810094833374	-4382.1103515625	7.975	-33779.78125	0.7883208633087179	1.68359375	[15, 294, 715]	-33713.34068464377
108	51.68163579940796	-4422.4716796875	7.9	-33765.0234375	0.764140297659235	1.6494140625	[16, 327, 681]	-33687.84353886903
109	49.576146068572996	-4463.400390625	7.824999999999999	-33756.51171875	0.8801560349808795	1.6005859375	[30, 349, 645]	-33672.45454619019
110	85.87987051010131	-4502.08544921875	7.75	-33756.921875	0.8608044943608486	1.75	[8, 240, 776]	-33744.110224897784
111	79.40913688659668	-4544.9423828125	7.675000000000001	-33780.0703125	0.8829011454715255	1.603515625	[29, 348, 647]	-33692.1087997734
112	83.425924949646	-4587.91015625	7.6	-33740.09375	0.8733315926971433	1.8935546875	[2, 105, 917]	-33680.79251676319
113	74.05105222702026	-4632.54296875	7.525	-33811.03125	0.8326107006928343	1.7138671875	[5, 283, 736]	-33711.51361948949
114	66.50340158462524	-4676.994140625	7.449999999999999	-33776.0390625	0.8526390264761778	1.5546875	[37, 382, 605]	-33699.70245743528
115	61.592178192138675	-4722.7880859375	7.375	-33754.49609375	0.9080506283981754	1.646484375	[14, 334, 676]	-33673.28736908137
116	58.43859878540039	-4769.48583984375	7.300000000000001	-33702.66796875	0.8758141396765221	1.7060546875	[3, 295, 726]	-33634.28141610279
117	55.05809808731079	-4817.47412109375	7.225	-33729.9140625	0.9215858118472711	1.826171875	[1, 176, 847]	-33622.52587007439
118	50.5590467262268	-4866.0380859375	7.15	-33742.3828125	0.8602187257513255	1.662109375	[10, 326, 688]	-33641.09667657648
119	49.37432514190674	-4915.84326171875	7.074999999999999	-33720.76953125	0.8767570249758235	1.73828125	[4, 260, 760]	-33610.172781934525
120	78.72661462783813	-4964.64794921875	7.0	-33745.875	0.756605041913338	1.7158203125	[7, 277, 740]	-33653.857292735265
121	78.38677188873291	-5016.59912109375	6.925000000000001	-33725.5078125	0.8754575564052338	1.7470703125	[7, 245, 772]	-33641.10092683202
122	77.56426700592041	-5069.751953125	6.85	-33686.58984375	0.8828836792510901	1.859375	[0, 144, 880]	-33630.83371993178
123	69.65058546066284	-5123.44140625	6.775	-33723.44140625	0.8592270311393788	1.6259765625	[10, 363, 651]	-33618.52968008789
124	61.08617595672607	-5178.4619140625	6.699999999999999	-33689.8828125	0.8541358627115226	1.8349609375	[1, 167, 856]	-33575.854001030566
125	57.51277225494385	-5234.880859375	6.625	-33681.73046875	0.9311299755073719	1.7763671875	[5, 219, 800]	-33572.525896945735
126	52.16139167785644	-5292.4599609375	6.550000000000001	-33690.12109375	0.8194048254753641	1.78515625	[3, 214, 807]	-33570.63942957063
127	49.20913786888123	-5351.09423828125	6.475	-33673.29296875	0.9185623644224047	1.9150390625	[0, 87, 937]	-33546.2621451734
128	45.11808271408081	-5411.51025390625	6.4	-33661.22265625	0.8530921318582457	1.8486328125	[4, 147, 873]	-33532.79265695605
129	44.39890113830566	-5473.193359375	6.324999999999999	-33645.23828125	0.9042925330202123	1.896484375	[1, 104, 919]	-33519.479207708864
130	69.30276016235352	-5534.89453125	6.25	-33668.96875	0.8552906193469764	1.931640625	[1, 68, 955]	-33532.770354684944
131	65.61932704925538	-5599.6572265625	6.175000000000001	-33625.6953125	0.8572722481036543	1.8857421875	[0, 117, 907]	-33534.20210663641
132	60.746600437164304	-5665.9853515625	6.1	-33625.0546875	0.9671045546938916	1.921875	[0, 80, 944]	-33513.85749839102
133	54.767880249023435	-5733.60986328125	6.025	-33616.484375	0.8460574512249268	1.943359375	[0, 58, 966]	-33496.18850167314
134	48.75135720252991	-5803.26171875	5.949999999999999	-33662.6328125	0.8445014327277887	1.9560546875	[0, 45, 979]	-33483.365288686895
135	42.00568749427796	-5874.20703125	5.875	-33606.4375	0.9267342136705774	1.98828125	[0, 12, 1012]	-33446.19478828071
136	35.673227605819704	-5947.13232421875	5.800000000000001	-33621.85546875	0.9330021423284681	1.9658203125	[0, 35, 989]	-33452.25420699762
137	29.518564305305482	-6022.2265625	5.725	-33609.953125	0.9011948973808843	1.986328125	[0, 14, 1010]	-33414.19128166814
138	26.763786020278932	-6099.30029296875	5.65	-33618.44140625	0.9338896901571994	1.9814453125	[0, 19, 1005]	-33401.61907285099
139	22.973516306877137	-6178.6259765625	5.574999999999999	-33606.70703125	0.9348170893601877	1.986328125	[0, 14, 1010]	-33395.35174292526
140	38.15373445510864	-6259.30908203125	5.5	-33604.85546875	0.8735244875831267	1.9970703125	[0, 3, 1021]	-33396.863775519385
141	33.3092845916748	-6343.03271484375	5.425000000000001	-33606.91015625	0.9013793352641075	1.98046875	[0, 20, 1004]	-33395.467858229014
142	28.41011525154114	-6429.14697265625	5.35	-33599.234375	0.9502545361279301	1.9853515625	[0, 15, 1009]	-33364.011852422176
143	25.35398132801056	-6517.76953125	5.275	-33573.40234375	0.954934980780309	1.9951171875	[0, 5, 1019]	-33367.38587193874
144	19.934141955375672	-6608.85498046875	5.199999999999999	-33588.328125	0.9552075656643156	1.994140625	[0, 6, 1018]	-33344.261089734064
145	16.372608256340026	-6702.63232421875	5.125	-33584.66015625	0.9345178733123652	1.9970703125	[0, 3, 1021]	-33340.90128105613
146	13.236887233257294	-6799.33740234375	5.050000000000001	-33591.97265625	0.9632305075986719	1.998046875	[0, 2, 1022]	-33334.84159004957
147	10.480632514953614	-6898.76171875	4.975	-33578.35546875	0.9636353567785741	2.0	[0, 0, 1024]	-33328.140222252005
148	8.571053550243377	-7001.28173828125	4.9	-33578.69140625	0.9412922880769062	1.99609375	[0, 4, 1020]	-33319.07539738083
149	7.620691094398499	-7107.1064453125	4.824999999999999	-33578.34375	0.9496724214163704	2.0	[0, 0, 1024]	-33314.11805228265
150	11.642958769798279	-7216.24755859375	4.75	-33572.3359375	0.9411914033365545	2.0	[0, 0, 1024]	-33301.25474209261
151	10.661929457187652	-7328.912109375	4.675000000000001	-33566.953125	0.9048223512978077	2.0	[0, 0, 1024]	-33294.29262664185
152	9.725178816318511	-7444.91796875	4.6	-33565.18359375	0.9415675634631201	1.9990234375	[0, 1, 1023]	-33307.06029455428
153	9.2190478515625	-7564.83642578125	4.525	-33567.3671875	0.9634779624216423	2.0	[0, 0, 1024]	-33291.21205457149
154	7.698532891273499	-7688.86767578125	4.449999999999999	-33554.890625	0.9717643549639391	2.0	[0, 0, 1024]	-33287.95919057956
155	7.494609742164612	-7817.02587890625	4.375	-33566.30859375	0.9577140818933013	2.0	[0, 0, 1024]	-33290.33832641899
156	6.594723323583603	-7949.783203125	4.300000000000001	-33555.59765625	0.9635224844553915	2.0	[0, 0, 1024]	-33284.670970262465
157	6.279314858913422	-8087.10498046875	4.225	-33572.1953125	0.9736256631440002	1.9990234375	[0, 1, 1023]	-33285.81392154127
158	6.106594002246856	-8229.453125	4.15	-33562.9140625	0.9372059451815877	2.0	[0, 0, 1024]	-33282.075196225385
159	6.401202586889267	-8377.236328125	4.074999999999999	-33564.0390625	0.9639496758722883	2.0	[0, 0, 1024]	-33270.12529770592
160	9.739686312675476	-8530.5224609375	4.0	-33559.12890625	0.9417547736119356	2.0	[0, 0, 1024]	-33264.11895471148
161	9.701377234458924	-8689.5986328125	3.9250000000000007	-33564.3203125	0.9520281269655254	2.0	[0, 0, 1024]	-33262.91779729578
162	8.655678715705871	-8854.5341796875	3.8499999999999996	-33558.43359375	0.9399952114765441	2.0	[0, 0, 1024]	-33257.9159286841
163	8.190729444026948	-9026.12109375	3.7750000000000004	-33561.234375	0.9624483916202917	2.0	[0, 0, 1024]	-33263.6107308257
164	7.744526402950287	-9204.880859375	3.6999999999999993	-33562.10546875	0.9770238184697371	2.0	[0, 0, 1024]	-33258.362485705904
165	7.576431642770768	-9390.6767578125	3.625	-33558.21875	0.9071043466710587	2.0	[0, 0, 1024]	-33258.458612386305
166	7.041371052265167	-9584.5498046875	3.5500000000000007	-33559.890625	0.8986565142927551	2.0	[0, 0, 1024]	-33253.77591392516
167	6.881363867521286	-9786.6396484375	3.4749999999999996	-33554.890625	0.9479060849347092	2.0	[0, 0, 1024]	-33252.613270335445
168	6.991347833871841	-9997.7626953125	3.4000000000000004	-33556.03515625	0.9539293680345508	2.0	[0, 0, 1024]	-33245.67643972316
169	7.586817284822464	-10218.5048828125	3.3249999999999993	-33559.01171875	0.9175382291134916	2.0	[0, 0, 1024]	-33243.61900091352
170	10.525502958297729	-10449.6015625	3.25	-33555.0390625	0.9185083192498517	2.0	[0, 0, 1024]	-33238.188546354206
171	10.274893016815186	-10691.064453125	3.1750000000000007	-33554.5625	0.9531019381540604	2.0	[0, 0, 1024]	-33240.61840995193
172	10.348006582260131	-10944.30859375	3.0999999999999996	-33552.8359375	0.907090185489128	2.0	[0, 0, 1024]	-33233.06314562676
173	9.340966460704804	-11210.150390625	3.0250000000000004	-33551.8515625	0.930130213826953	2.0	[0, 0, 1024]	-33227.80966977468
174	9.202049651145934	-11489.390625	2.9499999999999993	-33545.953125	0.9158728208224297	2.0	[0, 0, 1024]	-33225.4764564137
175	8.338969737291336	-11783.1865234375	2.875	-33553.30859375	0.9202643583318281	2.0	[0, 0, 1024]	-33224.220660571395
176	8.211328780651092	-12092.7080078125	2.8000000000000007	-33545.8515625	0.9563151979840626	2.0	[0, 0, 1024]	-33222.03616203877
177	8.39610035419464	-12419.2255859375	2.7249999999999996	-33552.0546875	0.9728452989719815	2.0	[0, 0, 1024]	-33221.22745998532
178	8.950950801372528	-12764.322265625	2.6500000000000004	-33552.5859375	0.9623377588845932	2.0	[0, 0, 1024]	-33218.57387312908
179	11.057333137989044	-13129.669921875	2.5749999999999993	-33546.61328125	0.9476543097251208	2.0	[0, 0, 1024]	-33214.03974871144
180	13.082363667488098	-13516.67578125	2.5	-33549.859375	0.8986872992776429	2.0	[0, 0, 1024]	-33209.27385770388
181	13.099035375118255	-13927.7080078125	2.4250000000000007	-33550.74609375	0.9224005644810179	2.0	[0, 0, 1024]	-33208.581382975986
182	18.656956493854523	-14364.6904296875	2.3499999999999996	-33547.9453125	0.9694052417419081	2.0	[0, 0, 1024]	-33200.281652280966
183	12.325688610076904	-14830.37890625	2.2750000000000004	-33549.05859375	0.9516561719174281	2.0	[0, 0, 1024]	-33199.41672060614
184	11.608716328144073	-15327.9287109375	2.1999999999999993	-33547.78515625	0.9505462579555418	2.0	[0, 0, 1024]	-33199.79040951842
185	12.271442160606384	-15860.552734375	2.125	-33542.6953125	0.939122976544829	2.0	[0, 0, 1024]	-33195.39433057737
186	11.948421078920365	-16432.099609375	2.0500000000000007	-33545.0546875	0.8956035825479886	2.0	[0, 0, 1024]	-33193.693800277884
187	13.329065537452697	-17046.984375	1.9749999999999996	-33547.22265625	0.9734346315697617	2.0	[0, 0, 1024]	-33190.906182958075
188	15.33396208524704	-17710.34765625	1.9000000000000004	-33547.38671875	0.9447959777314616	2.0	[0, 0, 1024]	-33188.76043957248
189	19.760187476873398	-18428.48828125	1.8249999999999993	-33546.37890625	0.9606732551655558	2.0	[0, 0, 1024]	-33184.81374868739
190	37.78026108264923	-19207.826171875	1.75	-33545.54296875	0.9753467926598218	2.0	[0, 0, 1024]	-33182.1428104012
191	25.907232236862182	-20056.822265625	1.6750000000000007	-33546.51171875	0.9303490638367625	2.0	[0, 0, 1024]	-33183.45527881416
192	24.125855798721314	-20985.392578125	1.5999999999999996	-33546.4609375	0.9597438920453742	2.0	[0, 0, 1024]	-33174.745048044046
193	24.24870404958725	-22004.99609375	1.5250000000000004	-33546.5859375	0.9579076274176623	2.0	[0, 0, 1024]	-33174.21171898753
194	26.807401280403138	-23130.107421875	1.4499999999999993	-33545.0	0.932461140888704	2.0	[0, 0, 1024]	-33171.374311699285
195	24.759180405139922	-24377.994140625	1.375	-33544.953125	0.8614253001226635	2.0	[0, 0, 1024]	-33167.22228485328
196	30.740084481239318	-25769.6640625	1.3000000000000007	-33545.7265625	0.942877567003133	2.0	[0, 0, 1024]	-33166.635093909324
197	42.15066113710404	-27331.52734375	1.2249999999999996	-33544.54296875	0.9450035596256878	2.0	[0, 0, 1024]	-33163.41023961645
198	46.94991204738617	-29097.13671875	1.1500000000000004	-33545.1875	0.9418671962322825	2.0	[0, 0, 1024]	-33160.118997871235
199	65.51280119895935	-31109.1015625	1.0749999999999993	-33545.29296875	0.9336930178959587	2.0	[0, 0, 1024]	-33157.14843001192
200	79.87625038146973	-33422.21875	1.0	-33546.11328125	0.9322676686626431	2.0	[0, 0, 1024]	-33155.81988053817
201	56.432195301055906	-33422.7421875	1.0	-33546.3125	0.9463395366337728	2.0	[0, 0, 1024]	-33155.29608778466
202	40.5534824514389	-33422.58984375	1.0	-33545.52734375	0.8623030868226276	2.0	[0, 0, 1024]	-33154.53708800052
203	37.92591113567352	-33422.78515625	1.0	-33545.89453125	0.9394462669626827	2.0	[0, 0, 1024]	-33152.08699176782
204	31.046400434970856	-33422.55859375	1.0	-33545.4375	0.8242683773110563	2.0	[0, 0, 1024]	-33151.34782735948
205	28.056519598960875	-33422.6171875	1.0	-33546.3671875	0.9329652833029131	2.0	[0, 0, 1024]	-33152.52671827925
206	16.644639298915862	-33422.5234375	1.0	-33546.09375	0.8655636336532097	2.0	[0, 0, 1024]	-33152.11407874195
207	17.731153399944304	-33422.63671875	1.0	-33546.2890625	0.8942706199087229	2.0	[0, 0, 1024]	-33151.82270559213
208	16.624210250377654	-33422.53125	1.0	-33543.9453125	0.9560281154914059	2.0	[0, 0, 1024]	-33153.189469872545
209	12.82819995522499	-33422.390625	1.0	-33544.96875	0.9660492141502578	2.0	[0, 0, 1024]	-33153.40336260063
210	39.717371096611025	-33423.05859375	1.0	-33545.26171875	0.8785474109596079	2.0	[0, 0, 1024]	-33151.3262687124
211	47.37504250526428	-33423.87890625	1.0	-33546.421875	0.846776104724929	2.0	[0, 0, 1024]	-33149.15958902107
212	40.99033417701721	-33423.3125	1.0	-33545.4375	0.8078947694622659	2.0	[0, 0, 1024]	-33152.393290454726
213	37.1023155260086	-33422.9609375	1.0	-33546.93359375	0.9179155824458872	2.0	[0, 0, 1024]	-33150.43781031783
214	35.054744784832	-33423.33203125	1.0	-33546.328125	0.8978313755333024	2.0	[0, 0, 1024]	-33150.43453555017
215	22.798769538402556	-33423.22265625	1.0	-33545.36328125	0.8691827093742572	2.0	[0, 0, 1024]	-33149.03796256
216	23.141019673347472	-33422.93359375	1.0	-33544.30859375	0.8686810760578284	2.0	[0, 0, 1024]	-33151.25239462049
217	19.33894665956497	-33422.73046875	1.0	-33545.375	0.9131510718855866	2.0	[0, 0, 1024]	-33150.476785852254
218	16.011168966293337	-33422.6015625	1.0	-33545.7421875	0.952080261971616	2.0	[0, 0, 1024]	-33152.226161560306
219	17.3831214761734	-33422.5703125	1.0	-33545.87109375	0.9019700970034914	2.0	[0, 0, 1024]	-33152.42968419497
220	29.04274611711502	-33423.40234375	1.0	-33545.96875	0.9167110557992005	2.0	[0, 0, 1024]	-33150.90020085861
221	55.9666663479805	-33425.00390625	1.0	-33547.87109375	0.8378354977387201	2.0	[0, 0, 1024]	-33150.431017791234
222	38.30062816858292	-33423.76953125	1.0	-33546.16796875	0.958454645758169	2.0	[0, 0, 1024]	-33149.86542044019
223	30.427290818691255	-33423.74609375	1.0	-33546.08203125	0.9296467985043362	2.0	[0, 0, 1024]	-33150.62001051889
224	35.4414125418663	-33423.5	1.0	-33545.8203125	0.87940320451051	2.0	[0, 0, 1024]	-33150.54349125324
225	20.03016705274582	-33423.02734375	1.0	-33545.4921875	0.9163378076373114	2.0	[0, 0, 1024]	-33150.098512587545
226	17.486402633190156	-33423.0234375	1.0	-33543.3515625	0.9348402647674305	2.0	[0, 0, 1024]	-33150.31365993934
227	16.544541923999788	-33422.7265625	1.0	-33545.4921875	0.9087795549202449	2.0	[0, 0, 1024]	-33151.37987693657
228	13.318354375362397	-33422.5546875	1.0	-33545.23828125	0.8868190637102801	2.0	[0, 0, 1024]	-33151.53403554867
229	10.925005000829696	-33422.6015625	1.0	-33545.8359375	0.9482158990835257	2.0	[0, 0, 1024]	-33152.45396260428
230	36.840859351158144	-33423.81640625	1.0	-33546.5703125	0.76348678729265	2.0	[0, 0, 1024]	-33150.40969141951
231	43.435714950561525	-33424.0234375	1.0	-33544.8359375	0.8794186183722911	2.0	[0, 0, 1024]	-33150.22819429585
232	35.839803009033204	-33424.25	1.0	-33545.61328125	0.8978956767520693	2.0	[0, 0, 1024]	-33148.818782830924
233	33.71760435342789	-33423.359375	1.0	-33545.84375	0.9084033421900622	2.0	[0, 0, 1024]	-33149.53214523749
234	26.70161811351776	-33423.9609375	1.0	-33546.05078125	0.8911627378083055	2.0	[0, 0, 1024]	-33148.50192751533
235	28.395761115550997	-33423.26953125	1.0	-33545.2109375	0.8591740431132031	2.0	[0, 0, 1024]	-33150.05466048803
236	25.406267638206483	-33423.2109375	1.0	-33545.91015625	0.9069604445214344	2.0	[0, 0, 1024]	-33150.160370837126
237	20.279883327484132	-33422.8515625	1.0	-33545.734375	0.8833001520940081	2.0	[0, 0, 1024]	-33151.40864645716
238	13.415207458734512	-33422.703125	1.0	-33543.87890625	0.9074915583070052	2.0	[0, 0, 1024]	-33150.64290759501
239	12.226570241451263	-33422.640625	1.0	-33545.49609375	0.9424583414097546	2.0	[0, 0, 1024]	-33152.08700647779
240	29.734707753658295	-33424.05078125	1.0	-33545.76171875	0.8804479707221425	2.0	[0, 0, 1024]	-33157.480479397826
241	59.68065831899643	-33423.71484375	1.0	-33546.41796875	0.9370150933263304	2.0	[0, 0, 1024]	-33150.38613013852
242	34.620211141109465	-33423.625	1.0	-33546.78125	0.8708537517711484	2.0	[0, 0, 1024]	-33149.725321955826
243	34.121649816036225	-33423.8671875	1.0	-33545.73046875	0.8786591732113306	2.0	[0, 0, 1024]	-33149.34169134397
244	25.074393298625946	-33424.1328125	1.0	-33544.55078125	0.934668194001206	2.0	[0, 0, 1024]	-33149.961964104994
245	20.23326746940613	-33423.41015625	1.0	-33546.2109375	0.9198636456052512	2.0	[0, 0, 1024]	-33150.78349146423
246	20.112949156761168	-33423.30859375	1.0	-33544.5625	0.9600785985566812	2.0	[0, 0, 1024]	-33150.940005770106
247	17.30348824739456	-33422.8984375	1.0	-33545.0078125	0.9464634330666571	2.0	[0, 0, 1024]	-33151.54323179484
248	17.077094807624817	-33422.6953125	1.0	-33545.6796875	0.8844143287265744	2.0	[0, 0, 1024]	-33152.30944463253
249	13.18479810833931	-33422.671875	1.0	-33545.7578125	0.9462060153683064	2.0	[0, 0, 1024]	-33151.894084061685
250	26.110810811519624	-33423.65234375	1.0	-33545.16796875	0.8717657909743176	2.0	[0, 0, 1024]	-33149.808994418614
251	57.300206577777864	-33424.11328125	1.0	-33546.42578125	0.9086795151954591	2.0	[0, 0, 1024]	-33148.712912218456
252	43.526063590049745	-33424.0703125	1.0	-33545.6796875	0.8916158563314207	2.0	[0, 0, 1024]	-33148.29839862136
253	37.091402978897094	-33423.9765625	1.0	-33546.375	0.9034037751894916	2.0	[0, 0, 1024]	-33151.249036937865
254	34.224409959316255	-33423.65625	1.0	-33545.625	0.8986074438447959	2.0	[0, 0, 1024]	-33148.13088908534
255	28.674713468551637	-33423.4296875	1.0	-33545.65234375	0.9236094904362234	2.0	[0, 0, 1024]	-33149.6173202926
256	18.48897474527359	-33423.125	1.0	-33545.89453125	0.9729636382100872	2.0	[0, 0, 1024]	-33151.92771467828
257	15.892039055824279	-33422.859375	1.0	-33544.94921875	0.8957822616799955	2.0	[0, 0, 1024]	-33153.318628359106
258	13.703905864953995	-33422.6953125	1.0	-33545.61328125	0.9041062320903117	2.0	[0, 0, 1024]	-33151.78074882944
259	10.76784637093544	-33422.61328125	1.0	-33544.93359375	0.9617691047594936	2.0	[0, 0, 1024]	-33152.35884484966
260	32.794494118690494	-33424.39453125	1.0	-33546.02734375	0.8998035486291508	2.0	[0, 0, 1024]	-33148.80687801709
261	37.87714615821838	-33423.8359375	1.0	-33546.24609375	0.9706888761955191	2.0	[0, 0, 1024]	-33150.228895311244
262	36.997090280056	-33424.00390625	1.0	-33545.21875	0.9150535175377381	2.0	[0, 0, 1024]	-33150.050322350115
263	25.59402585506439	-33423.5703125	1.0	-33546.5234375	0.9117946099873384	2.0	[0, 0, 1024]	-33149.63083067234
264	36.21837554693222	-33423.3671875	1.0	-33545.40234375	0.9291134441938929	2.0	[0, 0, 1024]	-33151.20402610232
265	19.193810124397277	-33423.37890625	1.0	-33545.6484375	0.9028751838384457	2.0	[0, 0, 1024]	-33149.617194481965
266	17.892717244625093	-33423.16015625	1.0	-33545.6484375	0.8309023677004799	2.0	[0, 0, 1024]	-33151.182432091926
267	18.941107593774795	-33422.85546875	1.0	-33545.41015625	0.9010011559935995	2.0	[0, 0, 1024]	-33151.35616589905
268	16.86846747159958	-33422.765625	1.0	-33545.9921875	0.9556145149701194	2.0	[0, 0, 1024]	-33152.02288084835
269	18.23521754860878	-33422.734375	1.0	-33545.44921875	0.9505295512839559	2.0	[0, 0, 1024]	-33152.09729487752
270	33.83639717340469	-33423.83984375	1.0	-33546.09375	0.9112294430644007	2.0	[0, 0, 1024]	-33148.826552278835
271	40.35351920127869	-33424.72265625	1.0	-33546.38671875	0.8232499061390586	2.0	[0, 0, 1024]	-33149.458404722
272	30.68537942647934	-33423.9296875	1.0	-33545.765625	0.9017664750888521	2.0	[0, 0, 1024]	-33152.63215570628
273	30.2198637342453	-33423.69921875	1.0	-33546.62890625	0.8939952282060031	2.0	[0, 0, 1024]	-33147.6212689635
274	28.749488725662232	-33423.62890625	1.0	-33546.1015625	0.9334679395975097	2.0	[0, 0, 1024]	-33149.49211369922
275	22.619479501247405	-33423.3984375	1.0	-33545.9453125	0.9307310792585533	2.0	[0, 0, 1024]	-33150.64822645299
276	17.593433170318605	-33422.98828125	1.0	-33544.9296875	0.9375571945972563	2.0	[0, 0, 1024]	-33151.23670368158
277	15.787489397525787	-33422.84765625	1.0	-33545.44921875	0.9532149908253144	2.0	[0, 0, 1024]	-33151.69293767336
278	16.91540645003319	-33422.7734375	1.0	-33545.56640625	0.9639227052468442	2.0	[0, 0, 1024]	-33151.354492990475
279	12.674018926620484	-33422.66015625	1.0	-33545.93359375	0.9202797476718493	2.0	[0, 0, 1024]	-33152.12508950985
280	28.891347458362578	-33424.0625	1.0	-33546.83984375	0.929689879657765	2.0	[0, 0, 1024]	-33150.48473624472
281	36.17174491643905	-33423.9609375	1.0	-33546.46484375	0.8156150970643928	2.0	[0, 0, 1024]	-33149.018871348366
282	36.48271818161011	-33424.6953125	1.0	-33547.51171875	0.8527723578010653	2.0	[0, 0, 1024]	-33148.222510718064
283	27.93925867319107	-33424.8203125	1.0	-33545.890625	0.8935402248918419	2.0	[0, 0, 1024]	-33146.77105278227
284	25.84695781469345	-33423.78515625	1.0	-33546.1640625	0.8881010019883777	2.0	[0, 0, 1024]	-33151.47350342397
285	23.743158016204834	-33423.25390625	1.0	-33545.421875	0.91589257021579	2.0	[0, 0, 1024]	-33150.093421498605
286	29.37800108909607	-33423.3046875	1.0	-33545.109375	0.8919851938207464	2.0	[0, 0, 1024]	-33151.46312707962
287	14.30317420721054	-33422.75390625	1.0	-33545.6328125	0.9380170235369953	2.0	[0, 0, 1024]	-33151.45717074952
288	13.636117759943009	-33422.69921875	1.0	-33544.71484375	0.8543435714483804	2.0	[0, 0, 1024]	-33152.21563707267
289	14.958949667215347	-33422.65234375	1.0	-33545.6640625	0.8839756043819829	2.0	[0, 0, 1024]	-33151.91989663843
290	32.75363230228424	-33424.88671875	1.0	-33546.00390625	0.8930199208694424	2.0	[0, 0, 1024]	-33147.62079497073
291	35.73614242315293	-33424.30859375	1.0	-33546.94921875	0.8195858461392014	2.0	[0, 0, 1024]	-33147.629013832426
292	44.81147371292114	-33424.3671875	1.0	-33546.30859375	0.8795324852628125	2.0	[0, 0, 1024]	-33149.12456211477
293	91.89200254440307	-33424.5390625	1.0	-33547.25390625	0.5562702256943237	2.0	[0, 0, 1024]	-33146.14889408983
294	135.39616519212723	-33424.41015625	1.0	-33546.67578125	0.7718632532202567	2.0	[0, 0, 1024]	-33148.249815477655
295	95.4877603173256	-33424.23046875	1.0	-33546.37109375	0.8123414163612162	2.0	[0, 0, 1024]	-33147.210409331405
296	69.58157918453216	-33423.58203125	1.0	-33545.76953125	0.9118633314965275	2.0	[0, 0, 1024]	-33150.188526556914
297	73.12893615007401	-33423.10546875	1.0	-33544.796875	0.9080188141830066	2.0	[0, 0, 1024]	-33149.93612956974
298	44.16033414363861	-33423.046875	1.0	-33545.6171875	0.9588787736312543	2.0	[0, 0, 1024]	-33151.728411315766
299	53.47650483250618	-33422.8359375	1.0	-33545.9453125	0.9215655303244811	2.0	[0, 0, 1024]	-33151.37838383163
