epoch	loss_mean	log_Z	mll	pearsonr	mean_R
0	845.3617381286621	-640.6207885742188	-7831.61474609375	0.8235732531924967	0.00390625
1	319.4346118927002	-632.3750610351562	-7875.5634765625	0.9921307098549035	0.0087890625
2	333.34021850585935	-630.629150390625	-7864.0185546875	0.9939279019798583	0.0048828125
3	345.34369026184083	-633.6481323242188	-7820.23681640625	0.7343888782274589	0.0048828125
4	348.52397369384767	-635.1906127929688	-7769.994140625	0.620288700009	0.001953125
5	344.6544396209717	-632.4923706054688	-7710.17724609375	0.7078157968620975	0.0029296875
6	348.26335388183594	-636.2905883789062	-7740.9775390625	0.8507593755358299	0.00390625
7	341.30187698364256	-636.8677978515625	-7743.65185546875	0.6717046120200316	0.00390625
8	321.6995862579346	-637.1754760742188	-7670.40234375	0.8579558583798458	0.0068359375
9	329.5710633087158	-639.0333862304688	-7686.36181640625	0.8676588395449341	0.0068359375
10	373.7071087646484	-641.5087280273438	-7704.6474609375	0.7554918091202112	0.0068359375
11	356.20958755493166	-645.081298828125	-7646.31787109375	0.8237383300703082	0.005859375
12	350.43388832092285	-644.1771240234375	-7740.73974609375	0.8751847385250587	0.001953125
13	351.5044491577148	-645.90625	-7454.1875	0.8558175415832715	0.0048828125
14	342.64650802612306	-645.3604125976562	-7648.14892578125	0.8462290811706811	0.001953125
15	333.6322925567627	-651.0313110351562	-7587.3095703125	0.8578951907734609	0.0048828125
16	329.7265670013428	-652.2432250976562	-7577.51171875	0.7674986902113264	0.0048828125
17	327.0387594604492	-654.1685791015625	-7621.9755859375	0.8574999819455326	0.00390625
18	324.14480613708497	-654.8898315429688	-7557.09912109375	0.762070905252193	0.0087890625
19	324.7008869934082	-657.0763549804688	-7575.208984375	0.8191653891266623	0.0048828125
20	359.61792320251465	-665.9622802734375	-7555.09912109375	0.7564960971799258	0.0068359375
21	379.08375732421877	-663.7977905273438	-7579.69140625	0.7038338432726626	0.00390625
22	360.4248011779785	-662.1900024414062	-7577.72265625	0.7545039880571784	0.005859375
23	349.2491381072998	-665.4649047851562	-7549.13916015625	0.7411050552429818	0.0048828125
24	343.24450477600095	-672.050537109375	-7560.515625	0.8889454102536922	0.0048828125
25	336.82077560424807	-674.0560302734375	-7520.62841796875	0.8610434282445873	0.0068359375
26	342.95326263427734	-675.4317626953125	-7543.900390625	0.5974447434288546	0.0068359375
27	328.9065505981445	-677.2138671875	-7476.984375	0.8897592992881027	0.0078125
28	334.7690940856934	-680.5928344726562	-7517.1640625	0.6312541333993261	0.00390625
29	329.5080400085449	-682.94384765625	-7509.8740234375	0.7581539354102604	0.0078125
30	375.0996418762207	-689.0332641601562	-7539.3798828125	0.8747322684502244	0.00390625
31	360.9856019592285	-690.8670043945312	-7515.80615234375	0.8038270461393677	0.001953125
32	367.00496276855466	-690.8009033203125	-7517.14013671875	0.7285888933363339	0.001953125
33	355.74364021301267	-696.5760498046875	-7514.29150390625	0.8377086215139188	0.001953125
34	350.9260734558105	-695.7322998046875	-7486.6494140625	0.8664583603171403	0.00390625
35	344.1995404052734	-699.7866821289062	-7472.169921875	0.8932042141377072	0.0078125
36	349.95770668029786	-702.5110473632812	-7434.94970703125	0.8903495896606596	0.0029296875
37	338.97780067443847	-706.822998046875	-7449.81591796875	0.9109158234300703	0.005859375
38	346.53417114257815	-709.1066284179688	-7465.60107421875	0.9294080083076894	0.00390625
39	342.65387321472167	-712.3881225585938	-7465.80078125	0.7594682898349459	0.001953125
40	365.5765477752686	-717.3463745117188	-7445.47509765625	0.7958537101392317	0.005859375
41	374.17877212524417	-720.0322875976562	-7415.880859375	0.7845868631286248	0.005859375
42	380.86013816833497	-719.7337646484375	-7392.0439453125	0.9147134356958265	0.0009765625
43	364.530982131958	-725.1868896484375	-7394.91064453125	0.8755049284843407	0.001953125
44	362.8119721221924	-726.7964477539062	-7374.13916015625	0.9029224284570639	0.005859375
45	354.39490028381346	-732.1372680664062	-7385.26611328125	0.8163506199820809	0.0029296875
46	354.33846672058104	-735.423583984375	-7406.09619140625	0.8709287132701098	0.0029296875
47	352.1092816162109	-740.2278442382812	-7379.17919921875	0.9316284852234188	0.00390625
48	346.0382820892334	-741.3806762695312	-7351.33056640625	0.796347808230072	0.005859375
49	354.06499183654785	-746.5556640625	-7324.0205078125	0.6923208428532421	0.0068359375
50	371.9470788574219	-746.0972900390625	-7372.791015625	0.8935209974865926	0.0029296875
51	376.2544469451904	-753.155517578125	-7372.998046875	0.8999869760963201	0.0068359375
52	371.47877983093264	-752.8841552734375	-7356.4541015625	0.8743273348452718	0.0009765625
53	373.1021012878418	-759.1285400390625	-7371.1181640625	0.7531517000503634	0.0048828125
54	370.2929722595215	-763.1879272460938	-7356.93994140625	0.9114588931493574	0.0087890625
55	363.0885471343994	-768.583984375	-7320.92236328125	0.8658321204805068	0.01171875
56	358.79161071777344	-771.3646240234375	-7329.62451171875	0.8733115402047207	0.0029296875
57	349.73608711242673	-774.8294677734375	-7294.74462890625	0.9116030477947987	0.0078125
58	348.07508003234864	-778.3728637695312	-7264.66162109375	0.910495623496743	0.00390625
59	344.347204208374	-782.23681640625	-7286.50927734375	0.8984252536744904	0.0087890625
60	371.57849899291995	-787.2589721679688	-7289.2041015625	0.934764093539021	0.0029296875
61	383.1642612457275	-790.8912353515625	-7301.81201171875	0.8680598836089424	0.0078125
62	376.29202949523926	-796.376953125	-7304.478515625	0.8355472797337542	0.005859375
63	373.6975172424316	-799.2341918945312	-7249.34033203125	0.9059625989296961	0.009765625
64	376.0203755187988	-800.375	-7274.79541015625	0.911387525387619	0.001953125
65	365.1693618774414	-807.9815063476562	-7254.41015625	0.8632035294699942	0.001953125
66	358.95257431030274	-812.8405151367188	-7265.33447265625	0.8358502510942448	0.0029296875
67	361.2674935913086	-816.3059692382812	-7225.9130859375	0.8686639430406481	0.001953125
68	353.19912292480467	-820.0589599609375	-7267.6142578125	0.8947750129746557	0.00390625
69	355.19165412902834	-824.664794921875	-7279.21533203125	0.9129560864430187	0.00390625
70	391.4971775817871	-830.8211059570312	-7262.61279296875	0.9017820262825157	0.0048828125
71	392.1349653625488	-835.9859619140625	-7259.0029296875	0.8971959068444317	0.005859375
72	377.59335319519045	-839.1341552734375	-7239.24462890625	0.8058340077104752	0.0048828125
73	385.41461280822756	-840.9974365234375	-7238.666015625	0.9112227769364104	0.0087890625
74	369.721413192749	-849.6654052734375	-7230.4091796875	0.9641780418290785	0.00390625
75	371.54127937316895	-851.6498413085938	-7254.56787109375	0.8852639757529045	0.00390625
76	362.50896606445315	-858.4026489257812	-7223.9951171875	0.9367816554731766	0.0048828125
77	356.41267501831055	-863.900146484375	-7251.57421875	0.9298496230927636	0.0029296875
78	356.0746659851074	-869.043701171875	-7220.56884765625	0.9105735687152487	0.001953125
79	335.3745307922363	-874.5368041992188	-7229.99560546875	0.9099497275781334	0.00390625
80	371.01058418273925	-876.6460571289062	-7230.78076171875	0.8894075198591809	0.001953125
81	394.29514320373534	-887.5740356445312	-7229.73583984375	0.8851980202560807	0.005859375
82	371.24761779785155	-888.6517333984375	-7211.39208984375	0.9321291298786105	0.0009765625
83	375.40437370300293	-895.242431640625	-7213.40625	0.8993656967588247	0.0068359375
84	365.00279113769534	-901.3779296875	-7195.2724609375	0.7852951463831707	0.00390625
85	356.27880546569827	-906.940185546875	-7212.9033203125	0.8955896085013744	0.0087890625
86	357.845590133667	-913.1249389648438	-7214.54150390625	0.89699019641444	0.0048828125
87	348.98969123840334	-917.996337890625	-7212.4482421875	0.9344058372441049	0.005859375
88	342.7048124694824	-923.953125	-7200.7236328125	0.9140370414756817	0.0009765625
89	334.91001411437986	-931.01953125	-7193.4677734375	0.9477253519264267	0.0029296875
90	372.3113166809082	-938.189208984375	-7198.5390625	0.9538559319243166	0.0029296875
91	373.37267471313476	-943.1423950195312	-7214.7119140625	0.9271784446462134	0.0029296875
92	351.79963829040526	-951.07568359375	-7192.533203125	0.7778937123971931	0.0078125
93	363.16613304138184	-957.34423828125	-7196.8291015625	0.9477336359994406	0.0048828125
94	352.3908351135254	-962.54150390625	-7196.90576171875	0.7716010672793314	0.0068359375
95	344.60506927490235	-969.5672607421875	-7171.4765625	0.9380404176085061	0.005859375
96	338.18241165161135	-975.6913452148438	-7185.53173828125	0.7939373280311666	0.0107421875
97	339.44905143737793	-984.6676025390625	-7186.669921875	0.8821805155060098	0.0009765625
98	328.0845572662354	-988.3414916992188	-7166.8271484375	0.9062233362118154	0.0087890625
99	324.6285703277588	-997.1304321289062	-7184.16162109375	0.9344152440440028	0.0048828125
100	337.69842651367185	-1004.1318359375	-7181.14453125	0.9318056035143899	0.0048828125
101	365.73183212280276	-1012.4114379882812	-7172.74267578125	0.6683984814064174	0.00390625
102	347.36764610290527	-1021.8394165039062	-7146.10302734375	0.9147205122945745	0.001953125
103	352.1217293548584	-1027.4783935546875	-7174.3974609375	0.8758703496034259	0.00390625
104	339.27946586608886	-1032.3946533203125	-7169.33203125	0.9203187753152505	0.009765625
105	323.81732788085935	-1043.35693359375	-7174.51904296875	0.8671151319734544	0.0107421875
106	320.9702117919922	-1049.68798828125	-7142.9326171875	0.9154712882544935	0.0029296875
107	308.13736282348634	-1058.7236328125	-7164.84912109375	0.8645204982523129	0.0068359375
108	298.6322183227539	-1066.2550048828125	-7159.26806640625	0.928509873139261	0.0029296875
109	297.51211196899413	-1074.5830078125	-7154.25244140625	0.9356379032498349	0.00390625
110	310.2396350860596	-1084.366943359375	-7153.13671875	0.893330294824159	0.0048828125
111	317.4810553741455	-1091.2967529296875	-7161.7294921875	0.912245571659477	0.00390625
112	344.52613388061525	-1102.9403076171875	-7160.7578125	0.9214167389911219	0.0029296875
113	311.9799468994141	-1109.2227783203125	-7155.00244140625	0.9571487026222283	0.005859375
114	302.5543096923828	-1121.9013671875	-7161.3232421875	0.9132713106090142	0.00390625
115	302.8301556396484	-1131.7186279296875	-7150.75830078125	0.9254122197189146	0.0048828125
116	282.2314281463623	-1140.2503662109375	-7150.009765625	0.8296976968836345	0.0068359375
117	274.9334536743164	-1149.7916259765625	-7149.130859375	0.9326733849108952	0.0048828125
118	268.7188168334961	-1159.3345947265625	-7141.47265625	0.8841507553790987	0.0048828125
119	254.55970977783204	-1169.0870361328125	-7145.982421875	0.9279796244680997	0.0068359375
120	294.22156188964846	-1182.3011474609375	-7144.185546875	0.9403035323834039	0.0068359375
121	281.33306755065917	-1191.810546875	-7145.1083984375	0.9375002314863878	0.0029296875
122	270.8142247772217	-1198.3812255859375	-7139.69189453125	0.9296437811462053	0.01171875
123	258.3927417755127	-1212.5574951171875	-7143.7314453125	0.9604612554308015	0.00390625
124	259.3215976333618	-1224.1712646484375	-7134.7744140625	0.9378887610851006	0.00390625
125	237.42837589263917	-1236.5096435546875	-7133.1943359375	0.8159251686595344	0.0068359375
126	212.942975730896	-1249.108154296875	-7132.65087890625	0.8583597748708605	0.0009765625
127	220.3212716293335	-1261.411376953125	-7135.55859375	0.9406568003798038	0.005859375
128	218.76441749572754	-1272.7138671875	-7139.603515625	0.9548069299124216	0.0048828125
129	204.32806900024414	-1285.1561279296875	-7140.998046875	0.863479787852502	0.0048828125
130	212.59789951324464	-1297.8245849609375	-7135.78076171875	0.819824964312243	0.0048828125
131	221.9719330215454	-1307.2916259765625	-7138.03466796875	0.8373652724650391	0.0068359375
132	220.87549839019775	-1324.384521484375	-7133.7705078125	0.9180982764629367	0.0048828125
133	198.42696815490723	-1339.46875	-7132.41015625	0.906688857755368	0.0078125
134	180.63814136505127	-1355.43603515625	-7131.40673828125	0.8132631620157781	0.0048828125
135	178.68535062789917	-1369.8243408203125	-7128.8505859375	0.9378343760035999	0.005859375
136	160.1929239463806	-1385.4591064453125	-7128.9033203125	0.9353064462401578	0.0087890625
137	159.9265733909607	-1401.2330322265625	-7132.435546875	0.9364676108833562	0.0029296875
138	139.40208757400512	-1415.7283935546875	-7136.28125	0.9197799562294211	0.00390625
139	130.74693490982057	-1431.1744384765625	-7123.759765625	0.8256487744470108	0.001953125
140	138.39910503387452	-1450.297607421875	-7129.53466796875	0.9181048413961935	0.0078125
141	124.94005756378174	-1464.93212890625	-7133.14599609375	0.9559718288249056	0.00390625
142	110.45967526435852	-1483.1080322265625	-7131.80908203125	0.9398258231779345	0.0048828125
143	112.48070232391358	-1501.399658203125	-7127.36083984375	0.9101771564789071	0.0048828125
144	97.35502472877502	-1518.541748046875	-7139.80029296875	0.9486213352686161	0.001953125
145	72.69997831821442	-1538.1446533203125	-7134.27685546875	0.957587894919248	0.001953125
146	61.26506506443024	-1557.153564453125	-7135.51171875	0.9255014814736386	0.0029296875
147	43.085753965377805	-1576.5570068359375	-7142.5654296875	0.9588295821830869	0.00390625
148	28.549356789588927	-1596.5037841796875	-7144.60205078125	0.9701556805078825	0.0009765625
149	16.945000406503677	-1617.9742431640625	-7144.93408203125	0.9722435189259887	0.0048828125
150	12.777364699840545	-1641.3607177734375	-7137.18994140625	0.9498832478603941	0.001953125
151	12.335507795810699	-1664.354736328125	-7137.46728515625	0.9580274425677145	0.00390625
152	13.169678356647491	-1689.0263671875	-7142.23779296875	0.9719470065630542	0.0048828125
153	12.95626735329628	-1714.178466796875	-7121.2470703125	0.9493834519059009	0.005859375
154	10.865874599218369	-1738.5784912109375	-7138.83154296875	0.9602336026320469	0.0048828125
155	12.892702362537385	-1765.513916015625	-7140.22412109375	0.9509161791423132	0.0048828125
156	10.390845103263855	-1793.359375	-7141.953125	0.9631506225942615	0.07421875
157	12.271887837648391	-1821.7218017578125	-7137.1005859375	0.9626730999821641	0.0244140625
158	12.689727492332459	-1850.99072265625	-7127.8017578125	0.9714669317688627	0.02734375
159	10.638945896625518	-1881.5322265625	-7108.00830078125	0.9471978344436285	0.078125
160	20.936147986650468	-1910.336669921875	-7074.9814453125	0.9638353266090307	0.779296875
161	28.744373631477355	-1942.138916015625	-7080.7060546875	0.9096694500763629	0.978515625
162	27.593409535884856	-1974.703857421875	-7072.97265625	0.9611590955292675	0.998046875
163	25.234027552604676	-2009.2242431640625	-7064.38818359375	0.8744469985105342	1.0068359375
164	23.74013277053833	-2046.341552734375	-7066.65283203125	0.41907852916851157	1.009765625
165	24.230607624053956	-2084.169921875	-7070.1044921875	0.951523553351181	1.0068359375
166	24.089536164999007	-2124.74658203125	-7070.568359375	0.9352394358509201	1.0078125
167	21.64860638141632	-2165.928955078125	-7067.1298828125	0.8552534721224807	1.001953125
168	24.743107426166535	-2209.217529296875	-7069.04638671875	0.96279709903767	1.00390625
169	23.819650708436967	-2254.20703125	-7067.16357421875	0.9659711826586889	1.005859375
170	32.902946817874906	-2302.178955078125	-7059.482421875	0.965224362816358	1.0048828125
171	31.05817605495453	-2350.614013671875	-7064.45849609375	0.9262077556917732	1.0078125
172	31.609989655017852	-2402.55712890625	-7065.29345703125	0.9098631027926154	1.0078125
173	29.522330403327942	-2457.079345703125	-7066.91552734375	0.9230232455209136	1.0048828125
174	28.022689245939254	-2515.51123046875	-7066.6015625	0.9700372500726187	1.0029296875
175	34.475334091186525	-2574.4013671875	-7061.74560546875	0.9486055046650936	1.00390625
176	39.91219160199165	-2638.181640625	-7063.8515625	0.9767289832382369	1.0048828125
177	30.331128418445587	-2704.48046875	-7064.2236328125	0.9455034274304088	1.0078125
178	33.444493428468704	-2774.91796875	-7063.88525390625	0.9543958302803914	1.001953125
179	34.1509593129158	-2849.450439453125	-7059.23046875	0.9385186094689709	1.0029296875
180	46.52217943191528	-2928.314697265625	-7059.6171875	0.966590299426988	0.9990234375
181	49.772173578739164	-3012.3076171875	-7054.93701171875	0.8774496382531423	1.0087890625
182	64.01823051691055	-3102.241943359375	-7058.873046875	0.8950332088797147	1.0029296875
183	63.60313376188278	-3196.76220703125	-7057.37109375	0.8537623644797048	1.0009765625
184	56.85741653203964	-3299.13134765625	-7057.76123046875	0.9703425414805169	1.00390625
185	66.38988632202148	-3406.4306640625	-7057.763671875	0.8758331320620988	1.0078125
186	67.57621082305909	-3523.12353515625	-7058.41845703125	0.9039110922569237	1.0
187	88.64056146621704	-3648.235595703125	-7055.25830078125	0.5832472000685652	1.0029296875
188	74.89175525546074	-3782.15625	-7058.17626953125	0.9737136928223122	1.0009765625
189	89.02304938316345	-3929.1875	-7056.8935546875	0.9265874618411033	1.00390625
190	82.80913168668746	-4087.92626953125	-7051.6376953125	0.9350322326990286	1.0009765625
191	133.1946914958954	-4260.27783203125	-7057.91796875	0.7566170018538841	1.0029296875
192	165.57358502388	-4448.869140625	-7056.2802734375	0.85605153325511	1.001953125
193	152.73841834068298	-4655.056640625	-7050.27294921875	0.5045411536143707	1.009765625
194	237.11197113990784	-4885.87744140625	-7057.38232421875	0.4455810758391801	1.0078125
195	165.9653467822075	-5139.38916015625	-7057.04443359375	0.9751208088675811	1.0078125
196	186.3985503721237	-5419.7099609375	-7057.08251953125	0.8827365919556083	1.0048828125
197	245.0604466176033	-5737.88623046875	-7057.2490234375	0.6763126728869409	1.0087890625
198	177.75472363591194	-6095.63037109375	-7056.98583984375	0.29103132660725056	1.0048828125
199	374.3906689620018	-6502.36767578125	-7055.0234375	0.9506674172209655	1.005859375
200	81586.12108807564	-7051.87744140625	-6691.6025390625	0.6191644615449423	0.322265625
201	123545.9557421875	-7051.87744140625	-6721.45458984375	0.18330036913400582	0.3291015625
202	123280.5987109375	-7051.87744140625	-6717.03466796875	0.09268259785650051	0.35546875
203	121545.42083984375	-7051.87744140625	-6653.169921875	0.13439735988168433	0.333984375
204	120480.30775390625	-7051.87744140625	-6711.28564453125	0.09045441700317929	0.3525390625
205	121464.980859375	-7051.87744140625	-6703.3701171875	-0.08127399006100908	0.3408203125
206	125497.32044921875	-7051.87744140625	-6708.8466796875	0.1394378017422349	0.3349609375
207	120881.971015625	-7051.87744140625	-6687.12646484375	0.17353740955800223	0.3486328125
208	124373.32037109375	-7051.87744140625	-6718.84326171875	0.2511224735818371	0.3623046875
209	118883.09544921874	-7051.87744140625	-6717.12060546875	0.1108386819898088	0.3134765625
210	123442.77658203125	-7051.87744140625	-6702.8544921875	0.1116407899727161	0.345703125
211	119214.59734375	-7051.87744140625	-6712.056640625	0.04138626901594336	0.37890625
212	123250.965	-7051.87744140625	-6712.955078125	0.0936709394491923	0.3369140625
213	118429.25216796875	-7051.87744140625	-6720.69482421875	0.014681492253214329	0.3515625
214	124108.05994140625	-7051.87744140625	-6723.74755859375	-0.09468487318667182	0.35546875
215	121917.92359375	-7051.87744140625	-6721.96875	-0.0057649702293535166	0.3564453125
216	123288.25205078124	-7051.87744140625	-6688.38623046875	0.04154971741635386	0.34375
217	121198.14625	-7051.87744140625	-6720.81005859375	0.027898082747726143	0.3271484375
218	121142.97984375	-7051.87744140625	-6700.287109375	0.05082443736434846	0.3525390625
219	121629.1804296875	-7051.87744140625	-6720.646484375	0.04484904628568462	0.359375
220	117113.2201171875	-7051.87744140625	-6720.02880859375	0.08422077963671322	0.333984375
221	125555.770625	-7051.87744140625	-6724.36376953125	0.09352489584121103	0.3525390625
222	116726.72123046876	-7051.87744140625	-6717.68212890625	0.08633072818289897	0.33984375
223	118023.6098828125	-7051.87744140625	-6699.55908203125	0.09822566509935754	0.3505859375
224	121495.2219140625	-7051.87744140625	-6654.8818359375	0.06813223673233465	0.3359375
225	120156.35646484375	-7051.87744140625	-6670.0517578125	0.023318971347751048	0.3564453125
226	121783.54232421875	-7051.87744140625	-6717.23095703125	0.10522304238271217	0.3427734375
227	120929.62076171875	-7051.87744140625	-6720.24365234375	0.4759554916750822	0.361328125
228	122398.599609375	-7051.87744140625	-6725.6328125	0.08628032827326833	0.3701171875
229	121351.52875	-7051.87744140625	-6716.84619140625	0.13593144554201098	0.3427734375
230	122240.51330078125	-7051.87744140625	-6634.03759765625	0.10714695090497878	0.318359375
231	117162.2971875	-7051.87744140625	-6727.43408203125	0.1969950388051838	0.34765625
232	122931.28638671876	-7051.87744140625	-6712.439453125	0.11633719300335314	0.33203125
233	117669.05748046875	-7051.87744140625	-6700.56298828125	0.0401557306510181	0.3544921875
234	121189.709609375	-7051.87744140625	-6717.0966796875	0.17676971029450958	0.3408203125
235	123807.25744140625	-7051.87744140625	-6661.1337890625	0.31380239270065724	0.33203125
236	123715.69666015625	-7051.87744140625	-6702.529296875	0.45439838360480617	0.3154296875
237	119241.2438671875	-7051.87744140625	-6719.29345703125	0.01163334824743978	0.3408203125
238	126948.6107421875	-7051.87744140625	-6717.5478515625	0.10010059637346772	0.341796875
239	121013.85615234375	-7051.87744140625	-6716.72412109375	0.0053830976918029525	0.3134765625
240	120992.72560546875	-7051.87744140625	-6726.68115234375	-0.05121319267529248	0.318359375
241	120686.07341796876	-7051.87744140625	-6697.6552734375	-0.039005909261027885	0.37109375
242	122249.1491796875	-7051.87744140625	-6715.84912109375	0.08237858089185546	0.337890625
243	121199.39421875	-7051.87744140625	-6684.12158203125	0.11945387828343249	0.3642578125
244	122713.41408203125	-7051.87744140625	-6723.052734375	0.061162195070608036	0.3544921875
245	120359.515546875	-7051.87744140625	-6679.556640625	0.20257007795663654	0.376953125
246	119462.444609375	-7051.87744140625	-6709.7685546875	0.032781798325376824	0.326171875
247	122808.159765625	-7051.87744140625	-6483.048828125	0.03931732657145004	0.33984375
248	122302.5353515625	-7051.87744140625	-6722.77685546875	0.14234075186465395	0.34375
249	121601.1878515625	-7051.87744140625	-6709.86767578125	0.13081285225150804	0.31640625
250	121401.6116796875	-7051.87744140625	-6710.4345703125	0.012675389783864595	0.3515625
251	122021.80169921875	-7051.87744140625	-6730.66552734375	0.02957084620929655	0.341796875
252	120613.55224609375	-7051.87744140625	-6633.17236328125	0.049006404893772844	0.3515625
253	124467.36796875	-7051.87744140625	-6686.66845703125	0.2688788097573106	0.33984375
254	119309.9508984375	-7051.87744140625	-6469.48291015625	0.03842176540296531	0.33984375
255	125000.32755859375	-7051.87744140625	-6723.29296875	0.13775646630423738	0.3544921875
256	118998.98095703125	-7051.87744140625	-6679.64208984375	0.17975354372925992	0.349609375
257	117896.26625	-7051.87744140625	-6652.25927734375	0.04472574345636842	0.330078125
258	119380.288046875	-7051.87744140625	-6718.166015625	0.03353713839432214	0.3486328125
259	116941.13380859375	-7051.87744140625	-6697.45556640625	0.06259645520901244	0.3212890625
260	114446.9624609375	-7051.87744140625	-6717.927734375	0.09014650627143551	0.333984375
261	123380.2148828125	-7051.87744140625	-6714.93994140625	0.07617692783632962	0.349609375
262	119736.83763671874	-7051.87744140625	-6681.7900390625	0.09634014216482653	0.3349609375
263	120082.881015625	-7051.87744140625	-6700.99755859375	0.17590591339517303	0.3447265625
264	122569.551171875	-7051.87744140625	-6713.11328125	0.07787118420455749	0.353515625
265	122096.76087890625	-7051.87744140625	-6730.82958984375	0.0972044666347851	0.330078125
266	119040.0365625	-7051.87744140625	-6724.61572265625	0.20722034854270766	0.3525390625
267	118456.42129882812	-7051.87744140625	-6227.47021484375	0.10561720088400424	0.34375
268	125550.9965234375	-7051.87744140625	-6722.0927734375	0.14632950701089656	0.3603515625
269	120676.086953125	-7051.87744140625	-6452.2080078125	0.04077032840581014	0.328125
270	120897.94318359374	-7051.87744140625	-6718.0673828125	0.1668019856320605	0.333984375
271	120495.2186328125	-7051.87744140625	-6685.18994140625	0.2097965372370386	0.3525390625
272	119067.5812109375	-7051.87744140625	-6411.8564453125	0.1104701832644962	0.34765625
273	121682.23662109375	-7051.87744140625	-6715.6748046875	0.100694465782189	0.33984375
274	121588.4765625	-7051.87744140625	-6695.779296875	0.08216406444814445	0.349609375
275	123140.2943359375	-7051.87744140625	-6707.52294921875	0.12911168792705288	0.3671875
276	125999.18236328124	-7051.87744140625	-6718.61328125	0.03143984563008137	0.345703125
277	119966.41259765625	-7051.87744140625	-6720.95458984375	0.028600414823721866	0.328125
278	120416.52447265625	-7051.87744140625	-6696.17578125	0.14542740650219632	0.32421875
279	122338.02681640624	-7051.87744140625	-6281.337890625	0.21517210805426376	0.3486328125
280	120081.28765625	-7051.87744140625	-6336.17822265625	0.16777847094989612	0.357421875
281	117619.26125	-7051.87744140625	-6681.00537109375	-0.09747216594622789	0.3466796875
282	122391.62390625	-7051.87744140625	-6580.208984375	-0.0028663159589284713	0.3330078125
283	121829.88060546874	-7051.87744140625	-6699.017578125	0.07985773263339924	0.3330078125
284	124501.5657421875	-7051.87744140625	-6707.7099609375	0.11682459277723262	0.34375
285	123932.7394921875	-7051.87744140625	-6482.65380859375	0.10142056394904382	0.36328125
286	123511.97322265625	-7051.87744140625	-6449.13232421875	0.16118639730022505	0.3564453125
287	123587.75173828125	-7051.87744140625	-6723.84765625	0.035581395879266946	0.32421875
288	122366.46333984374	-7051.87744140625	-6719.9345703125	0.01729746463618101	0.3583984375
289	119600.138203125	-7051.87744140625	-6705.0	0.0815252617276209	0.36328125
290	120267.66779296874	-7051.87744140625	-6673.14990234375	-0.001405398313227356	0.345703125
291	120123.7233984375	-7051.87744140625	-6682.5126953125	0.02846323184926395	0.3505859375
292	122708.79404296874	-7051.87744140625	-6717.314453125	0.04979721282030454	0.330078125
293	121746.0638671875	-7051.87744140625	-6719.64404296875	0.41638092114142244	0.33203125
294	120157.1526953125	-7051.87744140625	-6685.4072265625	0.07990357075204407	0.365234375
295	117579.88833984375	-7051.87744140625	-6725.18701171875	0.15673199113018446	0.34765625
296	121466.69423828126	-7051.87744140625	-6705.57861328125	0.10587465646081592	0.3271484375
297	119228.48443359375	-7051.87744140625	-6716.43798828125	0.07003801881268794	0.333984375
298	120369.11744140626	-7051.87744140625	-6265.7529296875	-0.09651267579887134	0.33984375
299	122557.6675390625	-7051.87744140625	-6730.8046875	0.16900816453469814	0.345703125
